cmd: ./bench_zenith_nano_full
events: Ir
fl=./csu/../csu/libc-start.c
fn=__libc_start_main@@GLIBC_2.34
128 2
134 3
135 7
138 1
139 2
142 3
143 2
144 11
145 4
242 13
311 3
312 3
337 6
340 2
343 2
350 2
352 2
360 4
fl=./csu/../sysdeps/nptl/libc_start_call_main.h
fn=(below main)
29 9
44 3
46 2
51 2
52 2
55 2
58 6
74 2
fl=./csu/./csu/errno-loc.c
fn=__errno_location
25 1
26 2
27 1
fl=./csu/./csu/init-first.c
fn=_init_first
46 6
51 2
55 5
61 1
62 1
63 2
71 2
72 3
fl=./ctype/../include/ctype.h
fn=__ctype_b_loc
40 1
41 2
42 1
fl=./ctype/./ctype/ctype-info.c
fn=__ctype_init
29 1
31 7
33 4
35 4
36 1
fl=./debug/../sysdeps/x86_64/multiarch/ifunc-memmove.h
fn=__memcpy_chk
56 2
57 3
60 3
61 2
74 2
77 2
85 2
93 2
96 5
fn=__memmove_chk
56 2
57 3
60 3
61 2
74 2
77 2
85 2
93 2
96 5
fn=__mempcpy_chk
56 2
57 3
60 3
61 2
74 2
77 2
85 2
93 2
96 5
fl=./debug/../sysdeps/x86_64/multiarch/ifunc-memset.h
fn=__memset_chk
54 5
57 3
58 2
64 2
73 2
75 2
85 2
93 2
96 5
fl=./debug/../sysdeps/x86_64/multiarch/memcpy_chk.c
fn=__memcpy_chk
29 1
fl=./debug/../sysdeps/x86_64/multiarch/memmove_chk.c
fn=__memmove_chk
29 1
fl=./debug/../sysdeps/x86_64/multiarch/mempcpy_chk.c
fn=__mempcpy_chk
29 1
fl=./debug/../sysdeps/x86_64/multiarch/memset_chk.c
fn=__memset_chk
29 1
fl=./elf/../bits/stdlib-bsearch.h
fn=intel_check_word.constprop.0
27 96
28 48
29 744
31 648
32 348
35 264
37 120
fl=./elf/../elf/dl-tls.c
fn=_dl_add_to_slotinfo
1017 36
1023 4
1026 4
1027 4
1031 12
1065 8
1068 8
1069 12
1072 24
fn=_dl_allocate_tls_init
523 11
524 2
528 2
531 1
534 2
537 3
549 1
554 32
560 11
563 12
564 8
570 12
571 8
573 31
576 8
577 8
580 8
581 16
583 8
584 8
593 4
601 8
603 40
609 4
615 2
618 2
621 9
fn=_dl_allocate_tls_storage
365 1
369 1
370 1
371 2
374 1
380 2
417 7
419 1
430 1
431 1
432 2
440 6
441 1
445 305
464 1
470 7
fn=_dl_assign_tls_modid
125 16
128 8
141 4
181 4
183 4
186 4
187 8
fn=_dl_count_modids
192 1
194 2
195 1
210 2
fn=_dl_determine_tlsoffset
216 9
217 1
218 1
219 1
222 4
225 2
259 1
261 32
263 11
265 12
266 8
268 8
270 20
272 8
275 2
277 1
281 5
282 1
286 24
288 6
289 3
291 1
292 2
294 3
301 1
302 7
304 2
354 1
355 8
fn=_dl_tls_static_surplus_init
83 3
97 8
100 6
101 5
102 3
104 4
107 1
109 1
111 3
112 6
fl=./elf/../include/list.h
fn=__tls_init_tp
43 2
44 2
45 1
47 1
fl=./elf/../include/rtld-malloc.h
fn=__minimal_calloc
56 19
fn=_dl_allocate_tls_storage
44 2
56 1
fn=_dl_check_map_versions
44 21
fn=_dl_find_object_init
56 2
fn=_dl_important_hwcaps
56 4
fn=_dl_init_paths
56 5
fn=_dl_map_object_deps
56 14
fn=_dl_new_object
44 21
56 18
fn=do_lookup_x
44 13
fn=fillin_rpath.isra.0
50 2
51 1
56 2
fn=init_tls
44 2
fl=./elf/../include/scratch_buffer.h
fn=_dl_map_object_deps
77 2
78 1
85 3
131 24
fl=./elf/../misc/sbrk.c
fn=sbrk
37 6
40 1
58 2
62 2
78 5
fl=./elf/../nptl/nptl-stack.h
fn=__libc_early_init
61 8
fl=./elf/../sysdeps/generic/_itoa.h
fn=_dl_check_map_versions
76 45
fl=./elf/../sysdeps/generic/dl-cache.h
fn=_dl_load_cache_lookup
125 5
194 1
195 5
fl=./elf/../sysdeps/generic/dl-call_tls_init_tp.h
fn=init_tls
31 8
33 1
fl=./elf/../sysdeps/generic/dl-debug.h
fn=dl_main
29 4
30 1
fl=./elf/../sysdeps/generic/dl-hash.h
fn=__rtld_malloc_init_real
43 1
44 1
45 19
48 18
62 24
67 1
72 1
fl=./elf/../sysdeps/generic/dl-new-hash.h
fn=_dl_lookup_symbol_x
69 1932
70 3864
74 41298
77 82596
80 40328
81 80656
87 962
88 962
89 1924
90 962
99 39366
101 39366
102 78732
104 39366
105 39366
fl=./elf/../sysdeps/generic/dl-protected.h
fn=do_lookup_x
29 7652
fl=./elf/../sysdeps/generic/ldsodefs.h
fn=_dl_relocate_object
79 70
140 10374
fn=_dl_start
79 6
fn=do_lookup_x
139 3826
140 5739
fl=./elf/../sysdeps/nptl/dl-mutex.c
fn=__rtld_mutex_init
30 7
37 1
40 7
44 2
45 9
47 6
51 2
52 7
53 6
fl=./elf/../sysdeps/nptl/dl-tls_init_tp.c
fn=__tls_init_tp
68 5
69 1
72 1
75 4
76 2
77 1
82 2
87 4
90 1
93 3
105 4
121 3
128 2
129 3
fn=__tls_pre_init_tp
53 3
56 10
61 2
62 1
64 1
fn=rtld_mutex_dummy
42 180
44 360
fl=./elf/../sysdeps/nptl/pthread_early_init.h
fn=__libc_early_init
33 6
34 1
38 5
45 2
46 1
48 2
52 5
53 1
54 1
56 1
fl=./elf/../sysdeps/posix/dl-fileid.h
fn=_dl_map_object_from_fd
37 24
40 24
49 84
fl=./elf/../sysdeps/unix/sysv/linux/brk.c
fn=brk
36 1
37 1
38 2
44 1
45 1
fl=./elf/../sysdeps/unix/sysv/linux/brk_call.h
fn=brk
24 2
fl=./elf/../sysdeps/unix/sysv/linux/dl-osinfo.h
fn=dl_main
39 2
52 1
fl=./elf/../sysdeps/unix/sysv/linux/dl-parse_auxv.h
fn=_dl_sysdep_parse_arguments
32 2
33 1
34 1
41 93
42 44
43 44
45 1
46 2
47 2
48 2
49 1
51 2
52 2
53 2
54 2
56 2
fl=./elf/../sysdeps/unix/sysv/linux/dl-sysdep.c
fn=_dl_sysdep_parse_arguments
78 7
79 2
80 2
81 3
82 36
83 75
86 2
90 56
93 5
94 2
95 3
96 6
fn=_dl_sysdep_start
102 6
103 1
106 2
110 2
113 1
115 2
122 3
123 2
125 5
137 3
140 5
143 4
fn=_dl_sysdep_start_cleanup
147 1
148 1
fl=./elf/../sysdeps/unix/sysv/linux/dl-vdso-setup.h
fn=dl_main
30 1
33 1
36 1
39 1
45 1
fl=./elf/../sysdeps/unix/sysv/linux/dl-vdso.h
fn=dl_main
40 2
41 5
55 2
fl=./elf/../sysdeps/unix/sysv/linux/rseq-internal.h
fn=__tls_init_tp
32 3
34 7
37 2
40 1
fl=./elf/../sysdeps/unix/sysv/linux/x86/dl-hwcap2.h
fn=update_active.constprop.0
25 2
fl=./elf/../sysdeps/unix/sysv/linux/x86/dl-minsigstacksize.h
fn=get_common_indices.constprop.0
24 2
27 2
28 2
65 3
72 1
74 1
fl=./elf/../sysdeps/x86/cpu-features.c
fn=get_common_indices.constprop.0
398 3
402 4
405 5
409 1
410 4
411 4
412 4
413 3
414 2
421 2
423 9
428 8
435 2
436 7
442 2
457 3
fn=init_cpu_features.constprop.0
376 3
377 2
378 6
383 2
384 6
389 2
390 7
682 8
685 1
686 1
687 1
690 1
699 3
702 6
703 1
706 2
708 6
713 1
715 3
717 9
721 7
774 3
781 2
799 1
832 2
866 4
869 2
870 1
878 2
885 2
887 2
891 2
897 2
899 1
1001 3
1002 2
1005 2
1006 2
1012 1
1013 1
1014 1
1015 2
1019 4
1022 4
1028 3
1041 2
1042 4
1081 1
1082 2
1086 3
1103 2
1104 2
1106 3
1107 2
1109 3
1110 2
1113 2
1127 4
1129 4
1135 4
1142 8
fn=update_active.constprop.0
72 8
76 1
84 3
85 3
86 1
94 4
95 1
103 4
104 1
109 4
112 4
113 1
116 5
117 2
121 5
122 3
123 3
124 2
128 5
129 5
130 3
132 2
133 4
147 2
151 7
152 4
154 3
158 4
161 1
164 2
166 2
170 1
171 1
178 4
180 5
186 4
188 5
190 4
195 5
244 3
245 3
261 4
277 2
281 2
282 1
285 4
289 2
293 3
294 2
296 1
297 1
300 2
302 1
305 2
356 5
360 3
369 1
370 8
fl=./elf/../sysdeps/x86/dl-cacheinfo.h
fn=get_common_cache_info.constprop.0
571 11
586 1
587 1
588 2
589 1
590 2
596 3
598 7
601 2
613 1
618 3
622 2
627 5
630 24
637 8
640 26
645 2
649 3
650 2
654 2
658 3
661 4
662 1
667 4
673 4
681 6
683 2
685 4
687 12
689 1
690 1
691 9
693 4
696 7
701 1
703 4
704 3
705 1
708 2
711 2
718 1
720 4
721 1
726 2
731 2
732 1
733 2
734 1
759 3
770 5
771 5
775 2
782 1
783 2
784 1
785 7
fn=handle_intel.constprop.0
250 108
255 24
261 12
262 12
267 48
271 24
276 24
279 60
281 24
284 60
286 24
305 96
fn=init_cpu_features.constprop.0
792 1
793 1
795 1
809 2
811 3
812 3
813 3
814 2
817 3
819 3
820 2
822 3
824 3
825 1
827 3
829 3
830 2
832 3
834 3
836 3
838 5
894 2
895 2
896 2
897 2
898 2
899 2
900 1
901 1
902 1
903 1
904 1
905 1
907 1
910 3
924 3
925 7
930 2
931 6
932 2
939 3
959 6
968 2
969 2
974 12
987 5
995 7
997 2
1000 5
1002 2
1005 5
1006 5
1010 6
1011 3
1017 7
1020 11
1021 10
1022 13
1025 10
1027 10
1040 4
1042 2
1043 2
1044 1
1045 1
1046 1
1047 1
fn=intel_check_word.constprop.0
110 648
113 324
119 216
123 48
125 12
129 120
131 144
133 60
135 120
143 120
152 12
155 138
158 99
162 58
164 189
167 120
168 72
169 60
170 48
172 11
174 22
176 12
177 16
178 12
179 20
180 14
181 12
183 8
184 12
187 21
190 2
194 192
202 168
216 48
246 144
fl=./elf/../sysdeps/x86/dl-get-cpu-features.c
fn=__x86_cpu_features
39 3
71 3
fn=_dl_x86_init_cpu_features
37 1
39 3
41 1
fl=./elf/../sysdeps/x86/dl-isa-level.h
fn=_dl_load_cache_lookup
28 30
fl=./elf/../sysdeps/x86/dl-procinfo.h
fn=_dl_load_cache_lookup
39 10
42 35
fl=./elf/../sysdeps/x86/dl-prop.h
fn=_dl_map_object_from_fd
149 24
fn=_dl_process_pt_gnu_property
95 40
102 20
115 20
118 10
252 6
253 3
254 14
255 7
257 40
258 4
260 10
fn=dl_main
36 2
37 27
40 11
49 46
53 38
71 2
149 4
235 4
236 2
fl=./elf/../sysdeps/x86/get-isa-level.h
fn=_dl_hwcaps_subdirs_active
30 4
31 1
32 3
36 3
39 4
40 4
45 4
48 2
51 5
53 4
54 2
55 2
58 4
fn=update_active.constprop.0
28 1
30 4
31 1
32 3
36 3
38 1
39 2
40 4
45 4
47 1
48 2
51 5
53 4
54 2
55 2
57 1
58 4
fl=./elf/../sysdeps/x86_64/dl-cet.c
fn=_dl_cet_check
145 2
157 2
173 1
179 1
275 2
276 1
277 2
282 4
283 3
285 2
293 5
296 1
300 2
301 1
302 2
303 2
304 2
305 2
308 1
310 1
313 2
361 8
363 6
fn=_dl_cet_setup_features
331 1
334 2
350 1
fl=./elf/../sysdeps/x86_64/dl-hwcaps-subdirs.c
fn=_dl_hwcaps_subdirs_active
29 1
38 3
43 1
48 1
52 1
fl=./elf/../sysdeps/x86_64/dl-irel.h
fn=_dl_fixup
32 5
fl=./elf/../sysdeps/x86_64/dl-machine.h
fn=_dl_fixup
234 94
fn=_dl_relocate_object
81 36
87 12
91 9
97 3
108 9
129 6
132 6
134 12
267 6956
274 6956
278 6956
287 28185
290 6966
291 136
292 13836
295 6
296 9
307 6
314 15
317 20868
320 52
323 52
346 8
347 12
352 6
354 4
363 4
393 40
400 60
402 80
406 60
415 40
423 9681
436 7
460 9
464 12
465 12
466 15
467 6
476 136
478 68
479 68
498 3468
499 1156
503 2312
504 2312
514 2456
518 2456
521 3684
522 1228
730 16
734 8
fn=_dl_start
55 1
278 9
287 27
290 6
291 12
317 8
323 2
fn=_dl_sysdep_start
220 1
fl=./elf/../sysdeps/x86_64/dl-runtime.h
fn=_dl_fixup
28 94
fl=./elf/../sysdeps/x86_64/dl-trampoline.h
fn=_dl_runtime_resolve_xsave
71 94
76 94
79 94
81 94
91 94
97 94
98 94
99 94
100 94
101 94
102 94
103 94
107 94
108 94
111 94
112 94
114 94
115 94
116 94
117 94
118 94
119 94
121 94
128 94
129 94
130 94
131 94
136 94
137 94
138 94
140 94
141 94
142 94
143 94
144 94
145 94
146 94
148 94
150 94
154 94
156 94
fl=./elf/../sysdeps/x86_64/tls_get_addr.S
fn=__tls_get_addr
29 2
30 2
31 2
33 2
34 2
35 2
38 2
39 2
43 2
44 2
45 2
46 2
fl=./elf/./dl-find_object.h
fn=_dl_find_object_from_map
95 16
96 16
97 8
103 40
104 232
105 160
107 24
112 8
fl=./elf/./dl-hwcaps.h
fn=_dl_important_hwcaps
43 9
45 7
46 1
77 8
78 8
79 7
fl=./elf/./dl-load.h
fn=_dl_map_object_from_fd
91 48
92 20
93 25
94 20
96 20
fl=./elf/./dl-main.h
fn=dl_main
109 5
fl=./elf/./dl-map-segments.h
fn=_dl_map_object_from_fd
28 18
29 54
81 6
101 6
102 18
105 18
106 12
108 12
125 6
135 144
137 72
139 180
149 96
155 12
156 6
157 18
158 12
160 12
165 12
168 18
176 42
182 12
186 16
189 4
194 24
fl=./elf/./dl-sym-post.h
fn=lookup_malloc_symbol
41 8
53 12
fl=./elf/./dl-tunable-types.h
fn=__GI___tunable_set_val
84 5
fl=./elf/./elf/dl-audit.c
fn=_dl_audit_activity_map
29 7
30 1
31 3
37 6
fn=_dl_audit_activity_nsid
41 3
45 12
46 3
47 15
fn=_dl_audit_objclose
97 8
98 32
fn=_dl_audit_objopen
77 6
78 24
fn=_dl_audit_preinit
118 1
119 4
fl=./elf/./elf/dl-cache.c
fn=_dl_cache_libcmp
357 90
358 541
360 729
362 253
368 20
369 15
370 218
372 218
374 10
380 476
382 476
383 120
386 198
387 198
390 60
fn=_dl_load_cache_lookup
191 80
205 5
208 40
210 50
211 10
213 25
220 95
222 250
223 80
227 120
231 120
232 80
240 20
242 10
245 10
247 30
249 5
259 10
269 15
270 20
286 35
295 10
298 10
301 5
302 15
330 10
346 35
347 17
349 18
403 50
405 10
408 15
411 5
419 5
420 8
423 6
424 1
431 1
432 2
477 12
482 15
485 15
500 10
512 15
513 75
514 20
515 5
516 40
fn=_dl_unload_cache
525 3
526 4
528 2
529 1
533 1
535 2
fl=./elf/./elf/dl-call-libc-early-init.c
fn=_dl_call_libc_early_init
27 7
29 2
33 5
37 2
39 4
40 2
41 3
fl=./elf/./elf/dl-call_fini.c
fn=_dl_call_fini
24 64
28 16
32 8
34 8
35 16
38 12
39 18
42 64
43 10
47 8
48 16
49 18
50 42
fl=./elf/./elf/dl-catch.c
fn=_dl_catch_error
254 12
256 2
257 2
258 2
259 2
261 6
fn=_dl_catch_exception
58 48
59 32
69 32
70 80
204 128
207 32
214 16
228 16
229 32
235 96
237 48
239 64
248 48
fn=_dl_receive_error
58 2
59 1
69 2
70 2
186 7
188 1
192 1
194 1
197 1
198 4
fl=./elf/./elf/dl-debug.c
fn=_dl_debug_initialize
56 3
57 1
59 2
61 2
63 3
64 1
85 3
90 3
91 2
92 1
95 3
96 6
99 2
107 2
fn=_dl_debug_state
116 2
117 2
fn=_dl_debug_update
38 7
40 14
41 7
44 14
48 7
fl=./elf/./elf/dl-deps.c
fn=_dl_map_object_deps
128 3
129 5
130 6
132 3
136 8
143 13
144 20
160 9
161 1
164 1
182 1
183 6
184 1
188 17
190 32
193 8
197 24
198 53
201 24
205 12
208 24
210 24
215 6
216 6
217 12
218 12
219 6
221 754
222 356
228 140
230 15
232 60
233 30
242 15
244 30
249 42
252 6
253 6
254 6
255 12
256 6
257 6
259 24
263 45
264 30
266 489
417 16
419 30
422 12
423 24
429 6
430 30
431 30
434 6
435 12
439 24
441 8
442 37
448 5
449 1
452 4
463 5
465 4
470 5
471 1
472 2
474 28
478 8
483 16
485 24
490 8
494 2
495 3
532 2
533 2
547 9
552 9
553 5
557 1
559 2
560 1
561 3
568 3
571 2
574 8
fn=openaux
61 90
64 165
65 15
68 15
69 45
fl=./elf/./elf/dl-environ.c
fn=_dl_next_ld_env_entry
28 3
29 3
32 112
34 72
35 18
37 2
40 4
42 2
45 34
fl=./elf/./elf/dl-find_object.c
fn=_dl_find_object_init
561 5
564 1
566 2
567 3
579 2
580 3
582 2
585 2
590 1
591 1
594 3
596 2
599 6
601 1
604 4
fn=_dlfo_process_initial
474 8
475 2
477 2
478 4
504 24
505 38
506 16
508 60
511 56
513 42
515 14
516 14
517 28
529 2
531 8
fn=_dlfo_sort_mappings
536 1
537 2
540 28
544 12
545 93
546 105
548 6
549 6
553 24
554 30
555 12
557 1
fl=./elf/./elf/dl-fini.c
fn=_dl_fini
26 11
43 1
46 13
49 2
51 1
54 2
56 5
61 1
63 4
68 18
73 28
75 16
77 16
79 16
80 8
81 8
85 8
87 6
88 6
94 6
103 2
108 46
110 8
112 16
114 32
117 16
122 8
126 5
132 6
134 1
138 2
145 8
fl=./elf/./elf/dl-hwcaps.c
fn=_dl_important_hwcaps
52 16
54 2
55 4
56 2
57 2
77 16
80 16
84 2
86 6
87 2
88 2
100 5
102 3
105 1
108 1
112 5
125 12
127 10
128 4
129 4
130 2
133 3
142 13
143 11
145 8
151 5
155 4
156 3
157 3
161 1
162 2
163 2
172 14
174 2
175 3
185 2
186 3
189 3
193 2
194 2
201 1
202 5
208 2
209 1
213 3
216 9
fl=./elf/./elf/dl-hwcaps_split.c
fn=_dl_hwcaps_split
25 5
26 3
27 1
47 4
fn=_dl_hwcaps_split_masked
26 44
30 24
34 78
35 12
36 24
41 36
42 18
43 12
45 6
51 110
55 5
56 18
57 27
58 24
60 6
62 88
67 12
fl=./elf/./elf/dl-init.c
fn=_dl_init
29 18
35 45
37 46
81 13
82 1
83 1
86 3
89 2
94 4
119 1
120 36
121 16
127 8
fn=call_init.part.0
26 96
43 24
46 24
47 2
51 14
59 21
60 30
63 7
64 14
70 18
72 12
73 134
74 104
76 64
fl=./elf/./elf/dl-load.c
fn=_dl_dst_count
238 135
241 30
244 30
245 15
264 135
fn=_dl_init_paths
706 13
720 4
725 1
727 3
734 3
735 2
739 4
741 4
747 1
748 1
756 8
758 8
759 4
761 5
762 7
763 4
766 13
767 10
768 18
770 32
776 1
777 1
782 1
785 3
787 4
789 3
806 1
808 3
822 2
825 5
827 23
831 2
832 60
833 14
834 28
836 1
837 1
838 2
844 6
847 3
853 1
857 8
fn=_dl_map_object
682 50
696 25
1967 192
1969 6
1975 32
1976 64
1979 383
1984 553
1986 395
1990 138
1991 207
1994 210
1995 126
1996 210
2010 24
2011 18
2019 18
2034 6
2036 30
2040 20
2042 10
2049 20
2053 5
2054 5
2058 15
2059 5
2073 25
2074 35
2075 5
2084 10
2099 10
2100 80
2106 15
2107 5
2115 5
2129 10
2131 15
2135 15
2137 10
2141 10
2149 10
2172 45
2176 15
2177 5
2194 10
2200 1
2201 4
2202 2
2203 2
2207 9
2210 3
2222 24
2267 12
2268 106
2270 150
fn=_dl_map_object_from_fd
944 84
959 24
989 123
990 54
1008 12
1036 24
1046 12
1053 48
1054 12
1065 12
1066 18
1067 12
1069 18
1070 24
1071 10
1074 17
1075 6
1086 6
1088 6
1090 132
1091 6
1092 6
1093 6
1094 6
1100 252
1101 606
1107 12
1114 16
1115 18
1116 60
1121 2
1122 1
1127 186
1135 120
1136 156
1137 120
1138 24
1139 48
1141 168
1143 48
1156 48
1157 90
1162 24
1163 246
1176 12
1180 16
1181 4
1185 20
1186 8
1189 4
1194 16
1209 12
1210 6
1213 18
1218 42
1228 114
1229 48
1235 12
1245 24
1252 42
1264 6
1268 24
1269 18
1275 18
1276 12
1278 12
1288 18
1307 18
1309 36
1361 18
1362 8
1368 204
1369 336
1375 96
1380 24
1393 12
1395 24
1397 12
1413 12
1417 12
1418 12
1435 12
1436 1
1439 12
1444 12
1449 12
1461 48
1462 18
1463 45
1464 15
1465 5
1471 12
1472 16
1477 8
1484 18
1487 12
1491 18
1492 18
1510 12
1514 42
1515 24
1519 54
fn=_dl_process_pt_gnu_property
868 21
869 14
870 7
876 14
882 35
885 21
886 14
887 14
890 21
891 21
895 7
896 14
900 20
901 10
904 20
907 10
908 40
918 21
920 28
fn=expand_dynamic_string_token
241 6
244 4
385 20
399 4
410 14
fn=fillin_rpath.isra.0
468 17
472 1
474 12
481 2
483 6
487 2
492 3
493 2
500 5
505 2
509 15
510 8
528 4
532 4
534 2
538 1
539 2
540 4
541 1
543 2
549 4
550 14
551 4
553 2
554 3
555 1
561 2
562 1
565 3
571 1
574 8
fn=open_path
1812 55
1813 10
1816 5
1817 5
1819 10
1822 10
1824 110
1827 10
1831 5
1835 30
1842 30
1843 110
1846 30
1851 77
1854 14
1860 21
1863 56
1865 21
1867 6
1872 6
1873 21
1879 9
1881 28
1882 2
1884 3
1891 46
1893 16
1937 40
1941 5
1943 20
1946 15
1960 45
fn=open_verify.constprop.0
1572 156
1604 39
1609 14
1623 65
1625 26
1633 6
1634 18
1639 36
1641 12
1643 12
1645 12
1651 12
1668 87
1749 12
1754 12
1760 24
1766 12
1772 24
1773 24
1777 16
1778 5
1799 117
fl=./elf/./elf/dl-lookup-direct.c
fn=_dl_lookup_direct
32 15
33 9
35 6
36 6
48 9
51 6
53 21
57 9
58 21
59 15
74 39
76 6
78 21
79 6
81 12
84 25
86 12
93 6
115 3
116 27
fl=./elf/./elf/dl-lookup.c
fn=_dl_lookup_symbol_x
772 25116
774 3864
775 7728
778 1932
782 7684
785 3864
787 3864
791 27143
792 32844
797 9660
799 114
816 1932
817 57
820 3864
821 13375
828 1989
856 7652
870 5739
871 2
873 3826
890 7652
892 17388
fn=check_match
70 28875
73 15400
78 26
86 9595
89 4618
93 1919
94 3838
96 3832
115 3832
116 15328
117 9550
118 12
119 12
144 6
146 18
147 12
150 2
151 7
153 3
161 1912
162 15400
fn=do_lookup_x
170 300
171 307
172 940
174 98
175 294
176 530
179 152
180 152
181 82
182 152
183 70
222 492
224 738
226 164
227 82
228 328
230 2694
231 486
234 352
235 176
254 352
257 95
258 285
259 322
262 1377
269 12
272 4
279 298
280 276
281 350
285 20
286 2
287 2
288 4
289 8
300 3
302 2
305 1
306 1
307 2
310 164
311 492
318 328
329 574
331 164
333 246
334 164
347 27048
348 1932
353 1932
354 1932
358 13116
361 13116
365 16998
386 13110
390 13110
396 19665
400 6555
401 6555
404 32775
405 19665
408 6555
409 13110
411 6555
412 5796
413 13110
415 13524
416 26220
419 45885
422 4014
423 6021
424 4014
426 3994
429 24625
431 5775
432 48917
433 3850
436 5775
439 9065
461 15296
470 681
472 2
476 3826
483 10164
487 3732
491 1
499 3662
500 1831
501 1913
518 13935
521 19
522 15456
fl=./elf/./elf/dl-minimal-malloc.c
fn=__minimal_calloc
80 95
84 19
87 19
88 57
fn=__minimal_free
97 3
99 12
fn=__minimal_malloc
36 376
37 141
42 3
43 2
44 2
48 187
51 317
56 12
57 12
59 3
60 24
62 6
64 12
65 9
67 8
70 48
71 51
73 282
fl=./elf/./elf/dl-minimal.c
fn=__rtld_malloc_init_real
76 10
86 2
87 1
89 1
91 6
92 5
93 5
94 4
99 1
100 1
101 1
102 1
103 8
fn=__rtld_malloc_init_stubs
42 1
43 2
44 2
45 2
46 2
47 1
fn=lookup_malloc_symbol
61 36
63 4
64 28
68 28
69 28
71 4
72 24
fn=strsep
239 2
242 4
244 2
245 4
247 2
249 47
251 28
254 56
256 84
264 14
267 1
271 4
fl=./elf/./elf/dl-misc.c
fn=_dl_higher_prime_number
87 2
124 2
125 2
127 26
129 80
130 30
131 6
133 7
145 2
146 2
fn=_dl_name_match_p
68 1218
69 696
70 25
72 174
74 686
75 970
80 169
82 149
83 696
fn=_dl_sysdep_read_whole_file
36 11
39 3
40 2
42 6
44 2
47 2
49 8
60 3
63 8
fl=./elf/./elf/dl-object.c
fn=_dl_add_to_namespace_list
31 63
33 21
35 62
38 108
40 6
42 6
45 2
46 21
47 14
48 14
50 14
51 35
fn=_dl_new_object
59 105
62 14
64 2
66 3
67 2
71 6
77 2
80 12
83 31
87 12
92 6
95 14
98 7
99 7
100 14
103 14
104 49
106 7
119 33
123 6
125 1
127 49
130 14
131 14
132 7
136 7
139 42
141 20
149 14
150 7
153 1
155 42
157 24
160 16
164 24
168 42
176 1
179 14
189 28
191 24
195 18
199 12
200 12
208 6
212 6
245 24
250 196
251 196
255 12
256 6
259 6
263 63
fl=./elf/./elf/dl-reloc.c
fn=_dl_relocate_object
170 14184
171 6916
174 23401
175 19480
177 1624
178 6494
182 3668
183 1834
184 1834
186 14678
187 9140
188 3656
190 12949
193 1834
194 12838
196 1624
207 99
208 18
220 16
221 24
224 32
226 24
228 8
229 24
251 40
252 16
253 3
255 16
262 24
301 10345
304 40
328 8
331 16
348 24
350 72
356 48
359 16
363 16
364 48
fl=./elf/./elf/dl-runtime.c
fn=_dl_fixup
46 1034
48 470
49 282
54 94
55 376
56 658
58 188
63 188
67 188
69 94
71 282
75 282
76 376
77 282
84 94
85 282
95 1034
99 470
109 940
124 376
125 10
133 282
159 282
163 752
fl=./elf/./elf/dl-setup_hash.c
fn=_dl_setup_hash
25 16
28 24
31 24
32 16
33 8
34 8
36 24
37 8
38 24
40 8
41 16
43 8
45 24
50 8
fl=./elf/./elf/dl-sort-maps.c
fn=_dl_sort_maps
140 80
181 2
182 4
183 58
184 32
211 34
216 4
218 2
219 10
221 50
223 16
226 48
244 8
263 8
276 8
283 2
298 26
306 6
310 18
fn=_dl_sort_maps_init
289 4
290 4
291 1
292 3
293 2
fn=dfs_traversal.part.0
135 144
140 80
143 16
145 48
147 212
156 56
171 48
172 16
173 96
fl=./elf/./elf/dl-tunables.c
fn=__GI___tunable_set_val
72 50
82 5
93 40
94 25
97 10
100 35
104 10
111 10
112 10
115 25
116 5
117 5
118 5
153 30
157 15
fn=__GI___tunables_init
42 185
45 36
48 2471
52 72
56 144
128 1
261 10
267 4
281 5904
283 2
287 10692
304 8
fn=__tunable_get_val
387 82
390 486
399 53
400 15
409 32
416 246
418 41
fl=./elf/./elf/dl-tunables.h
fn=__GI___tunable_set_val
141 10
142 10
151 5
fn=__GI___tunables_init
160 810
161 1756
fl=./elf/./elf/dl-version.c
fn=_dl_check_all_versions
392 7
394 1
396 29
397 8
398 72
401 7
fn=_dl_check_map_versions
36 280
37 80
38 490
56 264
64 198
70 198
86 66
87 132
89 66
94 2520
108 2190
110 66
113 528
120 3087
124 1029
155 80
156 8
164 14
170 24
172 40
174 8
175 8
177 16
180 18
184 48
198 9
200 45
208 45
213 45
215 51
217 264
218 481
221 132
224 198
225 5
228 32
231 264
234 198
239 51
243 45
248 9
257 35
260 12
263 702
266 525
270 165
274 21
279 7
280 28
281 21
291 7
294 37
296 14
299 24
301 9
303 45
306 198
308 264
310 330
311 132
312 198
313 198
316 198
321 51
324 45
329 9
334 14
337 12
341 165
343 342
347 165
348 825
349 495
350 165
353 513
357 165
365 12
366 12
367 12
368 4
370 4
372 124
373 60
375 2
376 7
387 72
fl=./elf/./elf/do-rel.h
fn=_dl_relocate_object
49 48
50 48
51 8
53 80
72 10
73 11
80 48
83 3708
85 4912
96 18
97 6
114 39
123 3499
124 2312
126 39
129 44
131 14221
133 17700
134 14160
135 10620
136 14160
138 10620
141 272
142 68
143 68
147 3472
150 10442
151 156
164 28
165 285
166 252
169 204
171 272
172 68
173 136
180 31
182 42
183 12
185 18
193 6
196 18
211 7
fn=_dl_start
49 6
50 4
51 1
53 10
56 4
61 13
63 9
64 6
65 3
fl=./elf/./elf/get-dynamic-info.h
fn=_dl_map_object_from_fd
39 12
43 6
45 678
49 330
51 88
52 44
53 6
54 158
55 134
56 30
59 24
62 24
64 24
68 165
72 24
84 20
85 24
86 24
87 24
88 20
89 23
90 23
91 24
103 48
110 19
115 10
122 10
123 18
129 18
130 6
147 18
152 6
154 6
156 6
158 6
159 4
162 18
164 9
165 6
174 6
175 9
180 6
181 6
184 12
fl=./elf/./elf/libc-dl-profstub.c
fn=_dl_mcount_wrapper_check
36 128
37 384
38 128
fl=./elf/./elf/libc_early_init.c
fn=__libc_early_init
33 9
35 1
38 2
41 2
47 4
49 2
fl=./elf/./elf/rtld.c
fn=_dl_start
85 8
458 2
476 3
477 1
478 2
488 1
494 4
496 2
517 16
543 1
546 2
547 4
563 190
565 1
578 1
585 9
fn=dl_main
85 17
92 12
93 2
101 9
197 2
199 1
224 3
225 5
226 4
296 3
302 1
303 1
837 1
839 1
848 1
850 1
855 1
1115 1
1116 1
1118 1
1122 3
1124 1
1125 1
1140 1
1143 46
1144 117
1148 3
1153 3
1154 9
1163 2
1164 2
1166 1
1173 3
1191 2
1199 8
1200 17
1201 8
1202 1
1204 12
1205 14
1209 8
1210 8
1211 4
1215 12
1243 2
1247 3
1253 28
1254 61
1260 17
1266 4
1269 3
1271 3
1346 13
1351 1
1352 1
1357 1
1373 3
1374 4
1637 10
1639 2
1640 3
1641 2
1642 3
1646 2
1647 2
1672 3
1673 5
1674 3
1675 3
1678 1
1680 1
1681 1
1683 2
1684 2
1688 2
1690 2
1698 4
1705 2
1708 2
1733 4
1735 1
1740 2
1743 4
1744 4
1745 3
1746 1
1747 1
1748 1
1759 2
1760 2
1762 2
1764 1
1765 3
1770 5
1771 5
1773 3
1779 2
1788 2
1792 1
1793 2
1817 2
1823 1
1824 1
1825 1
1829 3
1834 3
1836 1
1838 2
1842 5
1847 2
1863 6
1939 4
1943 19
1944 1
1947 3
1948 1
1949 2
1950 2
1955 3
1965 9
1971 35
1972 20
1975 3
1976 2
1977 1
1979 30
1980 14
1984 2
1990 1
1992 3
1993 2
1995 2
1997 3
1999 3
2000 1
2001 2
2013 2
2014 2
2015 3
2026 5
2027 4
2028 5
2038 2
2039 2
2040 4
2042 2
2047 3
2246 3
2250 3
2256 2
2259 2
2267 2
2279 3
2282 3
2284 3
2285 6
2292 2
2293 33
2295 16
2300 16
2302 18
2304 1
2305 1
2308 8
2310 16
2311 56
2315 24
2316 12
2325 2
2329 4
2331 1
2338 4
2341 2
2345 3
2347 2
2357 1
2362 3
2365 1
2371 1
2372 5
2380 3
2387 1
2390 3
2394 3
2395 1
2396 1
2397 1
2401 1
2406 8
2538 1
2598 1
2600 2
2602 15
2604 2
2606 107
2607 19
2615 13
2640 2
2650 4
2652 2
2653 1
2687 5
2689 2
2690 2
2691 1
2727 5
2749 3
fn=handle_preload_list
183 3
806 1
810 2
811 2
812 1
814 1
816 6
817 3
825 3
869 13
870 3
874 5
877 4
878 3
880 4
881 2
887 1
889 2
891 2
892 1
895 9
fn=init_tls
734 4
736 2
740 3
746 2
749 1
750 1
751 1
755 1
757 1
761 2
762 2
763 20
764 8
765 16
769 12
771 4
773 3
776 2
779 1
786 2
787 2
793 2
797 1
800 5
fn=map_doit
641 6
643 4
644 6
646 3
fn=version_check_doit
674 6
676 6
680 3
fl=./elf/./get-dynamic-info.h
fn=_dl_start
45 75
49 36
51 10
52 5
54 20
55 16
56 5
59 4
62 4
64 4
68 18
72 3
84 4
85 3
86 4
87 4
88 5
89 3
90 4
91 4
103 10
110 3
123 3
129 3
130 3
133 2
134 3
139 5
142 5
fn=dl_main
39 4
43 1
45 123
49 60
51 12
52 6
54 25
55 21
56 5
59 4
62 4
64 4
68 30
72 7
84 3
85 5
86 5
87 5
88 4
89 5
90 5
91 5
103 9
110 3
115 2
122 3
123 4
129 3
147 4
152 2
154 2
156 2
158 2
159 2
162 4
164 3
165 2
174 2
175 3
180 2
181 3
184 3
fl=./elf/./setup-vdso.h
fn=dl_main
24 2
fl=./iconv/./iconv/gconv_simple.c
fn=__gconv_btwoc_ascii
49 128
51 512
54 128
fl=./io/../sysdeps/unix/sysv/linux/access.c
fn=access
25 1
27 7
31 1
fl=./io/../sysdeps/unix/sysv/linux/close_nocancel.c
fn=__GI___close_nocancel
25 7
26 28
27 7
fn=__close_nocancel
25 1
26 4
27 1
fl=./io/../sysdeps/unix/sysv/linux/fstat64.c
fn=fstat
30 8
39 32
72 8
fl=./io/../sysdeps/unix/sysv/linux/fstatat64.c
fn=fstatat
91 6
146 6
160 4
161 11
162 1
fl=./io/../sysdeps/unix/sysv/linux/open64_nocancel.c
fn=__open_nocancel
28 64
31 105
39 126
41 33
fl=./io/../sysdeps/unix/sysv/linux/pread64_nocancel.c
fn=__pread64_nocancel
25 4
26 8
27 2
fl=./io/../sysdeps/unix/sysv/linux/read_nocancel.c
fn=__read_nocancel
25 7
26 28
27 7
fl=./io/../sysdeps/unix/sysv/linux/stat64.c
fn=stat
28 6
29 12
fl=./io/../sysdeps/unix/sysv/linux/write.c
fn=write
25 6
26 36
27 6
fl=./libio/../include/printf_buffer.h
fn=vsnprintf
124 6
127 2
128 2
137 4
fl=./libio/./libio/filedoalloc.c
fn=_IO_file_doallocate
78 11
84 9
86 4
97 4
101 3
102 2
104 4
105 1
106 9
fl=./libio/./libio/fileops.c
fn=_IO_do_write@@GLIBC_2.2.5
424 73
426 45
427 49
434 12
441 24
444 6
449 30
450 30
452 18
453 12
454 6
455 18
456 30
fn=_IO_file_overflow@@GLIBC_2.2.5
732 8
733 4
740 3
743 2
745 2
746 6
755 3
764 3
765 1
766 1
767 1
768 1
769 3
771 3
772 5
775 2
776 2
777 1
788 5
fn=_IO_file_setbuf@@GLIBC_2.2.5
382 6
383 3
386 1
388 3
390 2
391 3
fn=_IO_file_stat
1147 1
1148 2
fn=_IO_file_sync@@GLIBC_2.2.5
793 119
798 68
799 42
800 17
801 34
812 34
816 85
fn=_IO_file_write@@GLIBC_2.2.5
1174 48
1175 12
1176 36
1180 18
1181 18
1182 12
1187 6
1188 6
1190 18
1191 18
1194 36
fn=_IO_file_xsputn@@GLIBC_2.2.5
1198 108
1200 1
1204 48
1205 12
1211 48
1213 24
1228 36
1229 22
1234 22
1236 55
1237 11
1238 33
1240 22
1244 6
1250 2
1251 5
1253 3
1264 2
1265 4
1267 3
1268 108
fl=./libio/./libio/genops.c
fn=_IO_cleanup
776 6
777 10
780 13
784 3
785 36
792 7
794 6
796 4
798 2
800 3
801 1
805 5
807 3
814 3
816 30
817 3
821 7
822 2
842 12
843 2
855 12
fn=_IO_default_setbuf
330 5
332 1
333 1
337 2
452 10
453 5
455 4
457 3
458 2
462 1
466 4
467 1
468 6
fn=_IO_default_xsputn
371 11
373 2
374 4
375 1
379 4
381 1
382 2
384 2
386 4
387 2
397 1
399 2
404 8
fn=_IO_doallocbuf
343 8
344 2
346 3
347 5
350 6
fn=_IO_flush_all
686 12
687 3
691 6
692 9
695 12
697 3
698 36
700 21
708 33
709 3
713 7
714 2
718 12
fn=_IO_setb
329 11
330 4
332 1
333 1
335 6
338 6
fl=./libio/./libio/iofflush.c
fn=fflush
32 96
33 32
39 192
40 80
44 80
fl=./libio/./libio/iofwrite.c
fn=fwrite
31 108
32 24
35 72
37 168
38 59
39 84
45 48
46 12
49 108
fl=./libio/./libio/libioP.h
fn=_IO_cleanup
1025 3
1026 2
fn=_IO_default_setbuf
1025 3
1026 2
fn=_IO_default_xsputn
1025 1
fn=_IO_do_write@@GLIBC_2.2.5
1025 18
1026 12
fn=_IO_doallocbuf
1025 3
1026 2
fn=_IO_file_doallocate
1025 3
1026 2
fn=_IO_file_xsputn@@GLIBC_2.2.5
1025 3
1026 2
fn=_IO_flush_all
1025 2
fn=fflush
979 32
980 128
1025 48
1026 32
fn=fwrite
979 24
980 108
1025 24
1026 24
fl=./libio/./libio/putc.c
fn=putc
25 54
28 12
29 42
34 36
fl=./libio/./libio/vsnprintf.c
fn=vsnprintf
63 4
66 2
75 6
76 2
87 4
96 8
102 22
104 12
fl=./libio/./libio/vtables.c
fn=check_stdfiles_vtables
545 1
546 4
547 3
548 3
550 1
fl=./locale/./locale/newlocale.c
fn=newlocale
43 15
55 2
56 1
63 2
66 3
73 4
75 1
277 12
fl=./locale/./locale/uselocale.c
fn=uselocale
30 6
31 18
33 12
36 12
37 6
65 18
66 18
68 18
72 18
73 6
fl=./malloc/../string/bits/string_fortified.h
fn=calloc
59 3
fn=tcache_init.part.0
59 88
fl=./malloc/../sysdeps/unix/sysv/linux/not-cancel.h
fn=ptmalloc_init.part.0
97 6
fl=./malloc/./malloc/arena.c
fn=_mid_memalign.isra.0
153 640
fn=calloc
153 2
fn=free
153 1584
fn=malloc
153 82
264 1
fn=ptmalloc_init.part.0
262 8
267 1
292 2
296 3
300 4
301 4
302 4
303 4
304 4
305 4
306 4
308 4
309 4
310 4
313 4
314 4
316 2
326 8
fl=./malloc/./malloc/malloc.c
fn=_int_free
1792 325
1992 42
3163 414
3165 828
3166 207
3167 414
4495 3724
4499 1596
4505 2128
4506 1064
4510 2660
4517 1064
4518 3192
4521 224
4527 672
4547 1120
4550 207
4561 650
4572 56
4574 42
4593 14
4595 14
4596 14
4600 42
4602 28
4606 28
4608 42
4609 14
4628 56
4637 622
4640 622
4643 622
4646 622
4658 2881
fn=_int_free_maybe_consolidate
4770 10032
4776 1824
4778 2436
4781 1827
4784 3045
4785 95
4798 9956
fn=_int_free_merge_chunk
1992 1806
4665 4816
4666 602
4670 3612
4673 1458
4675 381
4678 1806
4681 1204
4682 1204
4683 1204
4689 1204
4691 276
4692 276
4693 276
4694 1104
4696 552
4701 1806
4702 4214
4714 1204
4720 1124
4721 516
4722 516
4724 304
4732 562
4733 2248
4734 1124
4736 562
4738 1124
4740 804
4743 562
4744 562
4746 1686
4747 562
4756 40
4757 120
4758 80
fn=_int_malloc
1326 726
1345 2178
1794 356
1985 672
2008 44
2017 2
2552 144
2553 14
2564 48
2565 30
2568 40
2576 60
2577 20
2589 56
2590 28
2599 160
2605 39
2608 42
2669 42
2677 28
2678 33
2691 42
2693 14
2699 70
2707 28
2709 56
2710 42
2711 10
2712 14
2715 28
2727 12
2728 4
2732 28
2734 8
2738 8
2742 8
2744 74
2745 1
2746 32
2752 84
2753 54
2755 12
2782 6
2783 1
2795 3
2814 2
2817 2
2818 6
2820 1
2821 6
2833 5
2847 8
2866 8
2873 5
2875 5
2876 25
2877 5
2888 15
2895 8
2896 12
2904 4
2906 4
2911 8
2913 20
2921 42
2922 14
2926 14
2930 70
2932 14
2933 14
2934 14
2935 98
2936 28
2938 14
3159 2
3163 14
3165 52
3166 14
3167 14
3168 2
3178 6
3182 12
3186 24
3190 12
3191 12
3199 6
3846 3993
3882 1
3887 726
3914 747
3916 88
3919 36
3921 58
3930 87
3977 668
3979 152
3980 94
3982 141
3984 4
3985 8
3987 4
3988 4
3989 4
3991 12
3997 8
3998 24
4003 23
4004 10
4006 2
4008 1
4009 1
4010 2
4012 1
4013 1
4020 4
4039 3128
4040 948
4058 1075
4059 1077
4060 1077
4069 564
4070 2824
4072 337
4073 674
4074 337
4076 674
4077 1011
4079 337
4080 1348
4082 1348
4084 674
4085 674
4087 674
4098 1348
4099 24
4100 4
4101 2
4121 6
4127 337
4128 337
4132 674
4134 12
4135 18
4140 12
4141 36
4161 662
4163 116
4164 232
4165 58
4169 6406
4170 597
4171 273
4174 546
4177 222
4179 888
4180 444
4186 48
4187 12
4188 36
4192 630
4193 440
4195 10
4196 30
4199 210
4202 320
4205 200
4206 50
4207 100
4209 50
4210 150
4212 210
4213 420
4218 204
4221 2317
4222 331
4223 331
4224 331
4225 331
4230 662
4231 662
4240 1324
4246 552
4248 6
4257 1059
4259 1264
4262 948
4263 424
4266 37
4267 452
4269 46
4273 74
4275 37
4276 74
4278 111
4279 111
4282 148
4291 37
4295 148
4296 74
4299 37
4300 37
4301 37
4302 74
4304 74
4307 296
4309 111
4310 37
4313 37
4330 316
4331 632
4332 632
4333 632
4334 1896
4339 1278
4343 1466
4346 1324
4348 856
4349 428
4353 12184
4355 5867
4357 11734
4361 225
4364 450
4366 25
4367 5
4368 5
4373 880
4376 440
4378 660
4381 660
4384 880
4386 4
4387 12
4394 216
4399 864
4400 432
4403 216
4404 216
4405 216
4408 432
4409 2
4410 432
4412 428
4415 1728
4417 648
4418 216
4421 220
4443 96
4444 192
4446 192
4449 288
4451 72
4452 144
4453 72
4454 576
4456 144
4459 218
4460 399
4461 133
4466 96
4482 34
4487 4356
fn=_int_memalign
1326 640
1345 2560
4714 620
4720 502
4721 251
4722 502
4732 251
4733 1004
4734 502
4736 251
4738 502
4740 753
4743 251
4744 251
4746 753
4747 251
4756 59
4757 177
4758 118
5039 2560
5069 1280
5071 960
5074 320
5076 1280
5083 1505
5085 1204
5086 2
5089 4
5090 1204
5093 602
5095 20
5096 20
5097 10
5101 2910
5103 291
5104 1455
5105 582
5106 291
5108 2619
5113 930
5115 620
5116 310
5117 620
5118 620
5120 310
5121 620
5122 310
5123 251
5129 310
5130 930
5134 930
5140 310
5141 2880
fn=_mid_memalign.isra.0
1326 640
1345 1600
3575 2240
3581 640
3585 640
3590 960
3598 960
3615 960
3617 640
3618 44
3619 44
3638 640
3640 1600
3641 1600
3643 640
3662 1920
fn=aligned_alloc
3556 560
3557 160
3564 400
3571 240
3572 240
fn=alloc_perturb
1985 399
1987 133
fn=calloc
3699 9
3709 9
3717 2
3720 3
3722 2
3732 1
3733 3
3754 3
3756 10
3759 3
3784 1
3796 3
3799 5
3807 1
3809 2
3811 2
3837 7
fn=free
3359 3766
3363 1076
3371 1076
3373 538
3375 1614
3379 30
3381 40
3383 10
3384 10
3385 5
3388 20
3392 1584
3398 1584
3401 538
3402 3228
fn=malloc
1326 444
1345 1097
3178 362
3182 362
3186 724
3190 362
3191 181
3248 4
3294 1776
3301 444
3311 418
3313 888
3316 444
3317 4
3318 645
3326 82
3328 164
3329 205
3354 1332
fn=memalign
3543 240
3544 480
3548 240
fn=munmap_chunk
3024 20
3025 20
3026 30
3028 20
3030 10
3031 30
3032 10
3038 40
3039 50
3042 10
3043 30
3048 20
3049 10
fn=ptmalloc_init.part.0
1946 385
1949 381
1957 1
1958 1
1960 1
3143 2
fn=sysmalloc_mmap.isra.0
2008 40
2400 60
2413 30
2418 20
2421 100
2424 20
2428 20
2432 40
2448 30
2466 10
2467 30
2471 30
2472 48
2475 30
2476 50
2481 70
fn=sysmalloc_mmap_fallback.constprop.0
2008 16
2490 44
2494 4
2497 12
2498 5
2501 8
2505 8
2506 4
2508 36
2511 8
2515 8
2519 16
2524 4
2526 4
2528 36
fn=systrim.constprop.0
2957 114
2966 57
2968 19
2969 38
2970 16
2974 57
2975 19
2978 95
2980 38
2987 9
2988 12
3000 9
3001 6
3003 3
3005 6
3009 6
3012 3
3013 12
3015 6
3020 114
fn=tcache_init.part.0
3242 4
3251 8
3252 3
3253 2
3261 4
3270 2
3274 3
fn=unlink_chunk.isra.0
1608 2084
1610 5210
1613 2084
1614 2084
1616 4168
1619 1042
1620 1042
1621 4364
1623 222
1624 333
1627 222
1641 111
1642 111
1645 2084
fl=./malloc/./malloc/morecore.c
fn=__glibc_morecore
25 72
26 48
27 4
29 24
30 48
34 48
fl=./malloc/./malloc/scratch_buffer_set_array_size.c
fn=__libc_scratch_buffer_set_array_size
30 78
34 6
35 12
45 12
46 6
63 36
fl=./math/../sysdeps/x86_64/fpu/multiarch/e_asin.c
fn=__acos_finite@GLIBC_2.15
35 1
fn=__asin_finite@GLIBC_2.15
27 2
fl=./math/../sysdeps/x86_64/fpu/multiarch/e_atan2.c
fn=__atan2_finite@GLIBC_2.15
26 2
fl=./math/../sysdeps/x86_64/fpu/multiarch/e_exp.c
fn=__exp_finite@GLIBC_2.15
27 2
fl=./math/../sysdeps/x86_64/fpu/multiarch/e_exp2f.c
fn=exp2f@@GLIBC_2.27
27 2
fl=./math/../sysdeps/x86_64/fpu/multiarch/e_expf.c
fn=expf@@GLIBC_2.27
27 2
fl=./math/../sysdeps/x86_64/fpu/multiarch/e_log.c
fn=__log_finite@GLIBC_2.15
27 2
fl=./math/../sysdeps/x86_64/fpu/multiarch/e_log2.c
fn=log2@@GLIBC_2.29
27 2
fl=./math/../sysdeps/x86_64/fpu/multiarch/e_log2f.c
fn=log2f@@GLIBC_2.27
27 2
fl=./math/../sysdeps/x86_64/fpu/multiarch/e_logf.c
fn=logf@@GLIBC_2.27
27 2
fl=./math/../sysdeps/x86_64/fpu/multiarch/e_pow.c
fn=__pow_finite@GLIBC_2.15
27 2
fl=./math/../sysdeps/x86_64/fpu/multiarch/e_powf.c
fn=powf@@GLIBC_2.27
30 1
fl=./math/../sysdeps/x86_64/fpu/multiarch/ifunc-avx-fma4.h
fn=__atan2_finite@GLIBC_2.15
32 5
33 2
fn=__exp_finite@GLIBC_2.15
32 5
33 2
fn=__log_finite@GLIBC_2.15
32 5
33 2
fn=cos
32 5
33 2
fn=sin
32 5
33 2
fl=./math/../sysdeps/x86_64/fpu/multiarch/ifunc-fma.h
fn=__log1p
29 4
30 3
fn=cosf
29 4
30 3
fn=exp2f@@GLIBC_2.27
29 4
30 3
fn=expf@@GLIBC_2.27
29 4
30 3
fn=expm1
29 4
30 3
fn=log2@@GLIBC_2.29
29 4
30 3
fn=log2f@@GLIBC_2.27
29 4
30 3
fn=logf@@GLIBC_2.27
29 4
30 3
fn=powf@@GLIBC_2.27
29 4
30 4
fn=sincosf
29 4
30 3
fn=sinf
29 4
30 3
fl=./math/../sysdeps/x86_64/fpu/multiarch/ifunc-fma4.h
fn=__acos_finite@GLIBC_2.15
31 4
32 2
35 1
fn=__asin_finite@GLIBC_2.15
31 4
32 2
fn=__pow_finite@GLIBC_2.15
31 4
32 2
fn=sincos
31 4
32 2
fl=./math/../sysdeps/x86_64/fpu/multiarch/s_cosf.c
fn=cosf
26 2
fl=./math/../sysdeps/x86_64/fpu/multiarch/s_expm1.c
fn=expm1
26 2
fl=./math/../sysdeps/x86_64/fpu/multiarch/s_fma.c
fn=fma
49 6
fl=./math/../sysdeps/x86_64/fpu/multiarch/s_log1p.c
fn=__log1p
26 2
fl=./math/../sysdeps/x86_64/fpu/multiarch/s_sin.c
fn=cos
34 2
fn=sin
27 2
fl=./math/../sysdeps/x86_64/fpu/multiarch/s_sincos.c
fn=sincos
26 2
fl=./math/../sysdeps/x86_64/fpu/multiarch/s_sincosf.c
fn=sincosf
26 2
fl=./math/../sysdeps/x86_64/fpu/multiarch/s_sinf.c
fn=sinf
26 2
fl=./misc/../sysdeps/unix/syscall-template.S
fn=mprotect
117 40
122 8
fn=munmap
117 55
122 11
fl=./misc/../sysdeps/unix/sysv/linux/brk.c
fn=brk
36 18
37 36
38 36
40 8
41 8
44 14
45 14
fl=./misc/../sysdeps/unix/sysv/linux/brk_call.h
fn=brk
24 36
fl=./misc/../sysdeps/unix/sysv/linux/getpagesize.c
fn=getpagesize
27 1
28 4
30 1
fl=./misc/../sysdeps/unix/sysv/linux/getsysstats.c
fn=get_nprocs_conf
230 3
231 2
232 2
237 2
fn=read_sysfs_file
72 6
73 2
76 1
78 4
79 2
102 1
103 2
105 2
139 12
148 3
150 3
151 2
158 5
159 3
166 2
168 1
169 4
170 3
177 3
178 3
180 1
181 5
184 2
190 12
fl=./misc/../sysdeps/unix/sysv/linux/mmap64.c
fn=mmap
47 308
50 88
53 220
58 264
60 176
fl=./misc/../sysdeps/unix/sysv/linux/not-cancel.h
fn=read_sysfs_file
75 2
76 1
fl=./misc/../sysdeps/unix/sysv/linux/setvmaname.c
fn=__set_vma_name
33 110
35 81
40 14
47 2
48 1
49 135
fl=./misc/./misc/init-misc.c
fn=__init_misc
30 5
31 6
33 3
37 5
38 3
40 4
fl=./misc/./misc/sbrk.c
fn=sbrk
37 192
40 48
43 48
50 4
58 48
59 4
62 48
63 2
66 68
68 6
74 51
78 168
fl=./nptl/../string/bits/string_fortified.h
fn=pthread_attr_init@@GLIBC_2.2.5
59 5
fn=pthread_getaffinity_np@@GLIBC_2.32
59 2
fl=./nptl/../sysdeps/nptl/futex-internal.h
fn=__pthread_once_slow
209 8
fl=./nptl/../sysdeps/unix/sysv/linux/x86/elision-conf.c
fn=__lll_elision_init
92 8
96 5
98 4
100 4
102 4
104 4
107 3
108 1
109 6
fl=./nptl/./nptl/alloca_cutoff.c
fn=__libc_alloca_cutoff
27 2
28 18
35 2
fl=./nptl/./nptl/cleanup_compat.c
fn=_pthread_cleanup_pop@@GLIBC_2.34
40 1
43 2
47 2
49 1
fn=_pthread_cleanup_push@@GLIBC_2.34
25 1
28 1
29 1
30 2
32 1
33 1
fl=./nptl/./nptl/libc-cleanup.c
fn=__libc_cleanup_pop_restore
54 2
55 2
57 4
59 2
60 6
71 2
fn=__libc_cleanup_push_defer
24 2
25 2
27 4
29 4
32 4
46 6
48 2
49 2
fl=./nptl/./nptl/pthread_attr_init.c
fn=pthread_attr_init@@GLIBC_2.2.5
32 6
46 3
49 4
fl=./nptl/./nptl/pthread_getaffinity.c
fn=pthread_getaffinity_np@@GLIBC_2.32
30 5
33 6
35 2
39 4
41 1
42 2
fl=./nptl/./nptl/pthread_key_create.c
fn=pthread_key_create@@GLIBC_2.34
25 2
27 10
29 3
31 12
33 6
37 6
40 2
43 4
fl=./nptl/./nptl/pthread_key_delete.c
fn=pthread_key_delete@@GLIBC_2.34
25 2
28 4
30 10
32 4
33 8
36 2
40 2
fl=./nptl/./nptl/pthread_mutex_conf.c
fn=__pthread_tunables_init
55 8
56 5
58 4
60 4
62 6
fl=./nptl/./nptl/pthread_mutex_lock.c
fn=pthread_mutex_lock@@GLIBC_2.2.5
44 1
45 7
46 1
77 5
80 3
82 1
84 2
88 2
97 2
108 4
112 1
115 2
124 1
130 3
131 2
179 1
182 1
184 1
187 1
190 3
fl=./nptl/./nptl/pthread_mutex_unlock.c
fn=pthread_mutex_unlock@@GLIBC_2.2.5
39 1
40 4
41 1
51 3
52 2
57 2
62 1
65 1
70 1
72 1
74 2
80 4
84 3
87 2
367 4
369 2
fl=./nptl/./nptl/pthread_once.c
fn=__pthread_once_slow
68 11
76 1
80 2
88 2
92 2
101 4
114 13
116 1
118 3
124 1
132 10
fn=pthread_once@@GLIBC_2.34
136 16
139 16
140 32
143 1
144 30
fl=./nptl/./nptl/pthread_self.c
fn=pthread_self
23 1
25 2
fl=./nptl/./nptl/pthread_setspecific.c
fn=pthread_setspecific@@GLIBC_2.34
25 8
32 1
36 2
39 8
41 1
43 3
46 2
66 1
81 1
86 2
87 1
90 7
fl=./posix/../malloc/dynarray-skeleton.c
fn=__unregister_atfork
243 6
fl=./posix/../sysdeps/posix/sysconf.c
fn=sysconf
60 11
630 3
fl=./posix/../sysdeps/unix/sysv/linux/_exit.c
fn=_Exit
27 2
30 4
fl=./posix/../sysdeps/unix/sysv/linux/x86/../sysconf.c
fn=sysconf
49 10
fl=./posix/../sysdeps/unix/sysv/linux/x86/sysconf.c
fn=sysconf
32 12
33 3
37 10
fl=./posix/./posix/register-atfork.c
fn=__unregister_atfork
71 12
82 36
83 24
109 24
110 18
fl=./posix/./posix/sched_cpucount.c
fn=__sched_cpucount
27 2
28 14
29 4
35 1
36 1
37 6
38 2
40 2
fl=./resource/../sysdeps/unix/sysv/linux/getrlimit64.c
fn=getrlimit
38 2
39 7
40 1
fl=./setjmp/../sysdeps/x86_64/bsd-_setjmp.S
fn=_setjmp
28 1
30 1
32 1
fl=./setjmp/../sysdeps/x86_64/setjmp.S
fn=__sigsetjmp
31 17
33 17
42 17
43 34
44 17
48 17
49 17
50 17
51 17
52 17
54 34
56 17
57 17
58 17
60 34
62 17
67 1
68 1
70 16
73 16
74 16
81 16
82 16
85 1
fl=./setjmp/./setjmp/sigjmp.c
fn=__sigjmp_save
28 6
29 1
30 2
34 4
fl=./stdio-common/../include/../locale/localeinfo.h
fn=__printf_fp_l_buffer
331 6
fl=./stdio-common/../include/printf_buffer.h
fn=__printf_fp_buffer_1.isra.0
163 12
fl=./stdio-common/../include/rounding-mode.h
fn=__printf_fp_buffer_1.isra.0
52 8
58 4
fl=./stdio-common/../string/bits/string_fortified.h
fn=__printf_buffer_write
29 6
fn=__printf_fp_buffer_1.isra.0
29 14
fl=./stdio-common/../sysdeps/generic/get-rounding-mode.h
fn=__printf_fp_buffer_1.isra.0
94 2
95 14
fl=./stdio-common/../sysdeps/pthread/allocalim.h
fn=__printf_fp_buffer_1.isra.0
27 4
29 10
fl=./stdio-common/./stdio-common/Xprintf_buffer_done.c
fn=__printf_buffer_done
25 2
26 6
31 4
33 24
40 2
fl=./stdio-common/./stdio-common/Xprintf_buffer_write.c
fn=__printf_buffer_write
27 48
28 18
31 20
33 10
36 2
37 4
40 6
41 2
44 36
fl=./stdio-common/./stdio-common/printf-parse.h
fn=__printf_buffer
82 18
fl=./stdio-common/./stdio-common/printf_fp.c
fn=__printf_fp_buffer_1.isra.0
91 12
93 12
95 8
101 8
105 28
107 16
108 4
110 8
111 20
118 4
122 12
123 8
124 20
138 36
159 16
177 2
187 2
221 4
222 2
226 6
230 34
234 2
266 10
267 2
268 4
271 34
272 32
273 32
279 2
280 4
283 2
293 2
294 14
297 6
301 8
305 8
306 2
308 12
309 18
310 4
311 14
313 4
318 26
322 154
324 12
327 6
337 4
368 4
369 8
375 12
377 2
380 4
381 4
382 6
385 34
388 16
389 16
390 20
391 16
394 26
396 52
397 4
403 4
407 24
411 8
413 4
439 4
442 16
458 8
460 6
461 12
463 12
477 4
665 6
674 12
676 4
680 4
686 4
694 2
706 10
707 10
720 2
721 4
722 10
728 6
731 12
738 6
746 6
759 34
760 4
763 6
766 44
769 24
771 2
773 12
774 10
775 6
787 2
788 10
789 10
790 32
792 4
793 4
794 12
795 8
805 10
806 8
808 14
830 4
834 4
835 10
840 12
841 6
842 4
844 4
855 4
924 14
931 4
935 6
980 14
983 4
987 10
991 6
994 8
996 16
999 8
1001 6
1003 4
1006 4
1009 6
1022 8
1024 6
1028 6
1030 22
fn=__printf_fp_l_buffer
1099 38
1102 6
1111 2
1112 4
1115 10
1116 10
1117 6
1122 14
1126 2
1147 22
fn=hack_digit
88 50
91 30
93 30
95 20
101 20
105 70
107 40
108 10
110 20
111 60
118 20
122 40
123 20
124 50
128 50
fl=./stdio-common/./stdio-common/vfprintf-internal.c
fn=__printf_buffer
263 6
264 6
266 2
600 30
627 10
631 2
634 2
638 8
642 2
653 6
654 4
655 6
659 4
663 16
683 2
684 2
685 2
686 2
687 2
690 4
691 2
692 2
693 2
694 2
695 2
698 2
699 2
705 28
709 2
744 4
813 2
814 6
818 4
819 8
834 14
837 12
855 28
891 4
973 10
976 68
996 22
997 4
1001 2
1018 2
1024 2
1028 6
1029 4
1031 4
1044 22
fl=./stdlib/../stdlib/strtol.c
fn=__isoc23_strtoul
125 3
126 15
fl=./stdlib/../stdlib/strtol_l.c
fn=____strtoul_l_internal
238 39
252 3
257 3
258 3
264 6
292 3
295 12
304 18
306 6
310 3
311 6
316 6
320 6
322 2
327 4
335 4
342 6
345 12
390 9
391 9
393 3
394 3
395 3
449 6
451 27
453 15
460 4
477 7
478 3
481 9
484 12
489 9
490 9
495 6
500 9
501 3
513 6
524 15
546 27
fl=./stdlib/../sysdeps/ieee754/dbl-64/dbl2mpn.c
fn=__mpn_extract_double
33 6
35 2
37 6
38 10
47 6
56 6
103 4
107 4
fl=./stdlib/../sysdeps/x86_64/lshift.S
fn=__mpn_lshift
28 2
29 2
30 2
32 2
33 2
34 2
46 2
47 2
48 2
49 2
50 2
51 2
52 2
58 2
59 2
60 2
fl=./stdlib/../sysdeps/x86_64/mul_1.S
fn=__mpn_mul_1
31 16
32 16
35 16
36 16
37 16
38 16
39 16
41 16
42 16
44 16
45 16
46 16
47 16
48 14
50 14
51 14
52 14
53 14
79 2
80 2
81 2
82 2
83 2
84 2
85 2
86 2
87 2
113 2
114 2
115 2
117 2
118 2
119 2
120 2
121 2
122 16
124 16
127 16
fl=./stdlib/../sysdeps/x86_64/rshift.S
fn=__mpn_rshift
28 4
29 4
30 4
31 4
44 4
45 4
61 4
62 4
63 4
64 4
65 4
66 4
67 4
72 4
73 4
74 4
75 4
76 4
fl=./stdlib/./stdlib/cmp.c
fn=__mpn_cmp
31 4
35 8
37 4
38 4
39 8
47 20
fl=./stdlib/./stdlib/cxa_atexit.c
fn=__cxa_atexit
41 24
43 96
44 24
46 24
52 36
53 12
54 12
55 12
56 12
57 48
58 12
67 84
69 72
fn=__new_exitfn
80 60
81 12
86 24
91 76
93 48
94 55
101 1
104 22
122 1
123 1
129 33
130 22
134 1
136 12
137 12
141 60
fl=./stdlib/./stdlib/cxa_finalize.c
fn=__cxa_finalize
30 60
33 42
36 42
40 235
41 154
43 22
45 11
76 11
78 33
81 44
82 33
83 44
87 33
93 42
97 36
105 12
106 24
107 48
fl=./stdlib/./stdlib/cxa_thread_atexit_impl.c
fn=__call_tls_dtors
148 5
149 4
165 4
fl=./stdlib/./stdlib/divrem.c
fn=__mpn_divrem
46 196
47 14
49 28
62 14
63 14
65 28
72 140
73 42
76 28
79 14
81 14
234 126
fl=./stdlib/./stdlib/exit.c
fn=__run_exit_handlers
38 12
40 2
41 2
43 5
54 2
56 2
60 1
64 39
66 24
67 12
69 106
94 2
101 1
102 1
103 1
104 3
107 4
108 3
109 4
113 3
119 3
120 2
126 4
128 2
129 2
131 2
fn=exit
137 3
138 4
fl=./stdlib/./stdlib/getenv.c
fn=getenv
24 117
25 104
28 26
29 1911
31 936
32 120
37 117
fl=./stdlib/./stdlib/mul.c
fn=__mpn_mul
48 34
54 4
66 4
71 2
72 4
81 8
83 2
84 2
88 4
141 2
142 22
fl=./stdlib/./stdlib/rand.c
fn=rand
26 110592
27 36864
28 73728
fl=./stdlib/./stdlib/random.c
fn=random
288 258048
291 110592
293 110592
295 147456
297 36864
298 184320
fl=./stdlib/./stdlib/random_r.c
fn=random_r
354 36864
357 147456
360 36864
362 110592
370 36864
371 36864
372 36864
375 110592
377 73728
378 72539
379 73728
382 36864
387 71350
388 2378
390 36864
391 36864
393 36864
398 36864
fl=./stdlib/./stdlib/secure-getenv.c
fn=secure_getenv
28 3
29 15
fl=./string/../include/rtld-malloc.h
fn=strdup
56 14
fl=./string/../string/strcspn.c
fn=strcspn
32 6
33 3
34 2
39 6
40 4
41 4
42 4
44 1
47 9
48 6
51 4
52 4
53 4
54 4
56 3
61 13
62 26
63 26
64 26
65 13
67 78
69 1
70 4
71 3
fl=./string/../sysdeps/x86/cacheinfo.c
fn=__x86_cacheinfo
86 1
fl=./string/../sysdeps/x86/cacheinfo.h
fn=__x86_cacheinfo
59 1
62 3
64 3
65 1
71 3
73 3
74 1
78 2
80 2
81 2
82 2
84 2
86 2
fl=./string/../sysdeps/x86_64/multiarch/../multiarch/memcmp-sse2.S
fn=bcmp
59 1
71 1
72 1
94 1
95 1
140 1
141 1
143 1
144 1
146 1
147 1
149 1
150 1
197 1
198 1
199 1
200 1
201 1
202 1
fl=./string/../sysdeps/x86_64/multiarch/../multiarch/memset-vec-unaligned-erms.S
fn=memset
132 14
133 70
138 14
139 14
142 7
143 7
145 1
146 1
147 1
244 6
245 6
257 6
260 6
261 6
273 6
274 6
287 6
288 6
290 6
293 5
296 10
299 106
300 106
301 106
302 106
303 106
304 106
305 106
308 6
309 6
310 6
311 6
316 6
350 7
352 7
353 7
392 7
393 7
395 7
fl=./string/../sysdeps/x86_64/multiarch/../multiarch/strchr-sse2.S
fn=index
32 32
33 32
34 32
35 32
36 32
37 32
38 32
39 32
40 32
41 32
42 32
43 32
44 32
45 32
46 32
47 32
48 32
49 32
50 27
54 27
55 27
56 27
57 27
59 27
63 5
64 5
65 5
66 5
67 5
68 5
69 5
70 5
71 5
72 5
73 5
74 5
75 5
76 5
77 5
78 5
79 5
80 5
81 5
82 5
83 5
84 5
85 5
86 5
138 5
142 5
143 5
144 5
145 5
147 5
fl=./string/../sysdeps/x86_64/multiarch/../multiarch/strcmp-sse2.S
fn=strcmp
98 2534
131 2534
132 2534
134 2534
135 2534
156 2534
157 2534
158 2362
159 2362
160 2237
161 2237
162 2237
163 2237
180 2237
181 2237
182 2237
183 2237
184 2237
185 2237
186 2237
191 34
192 102
201 331
202 331
203 331
204 331
205 331
206 331
207 331
208 331
209 243
210 117
211 117
212 117
214 243
215 243
216 243
217 243
218 243
219 243
229 88
230 88
231 88
233 88
239 88
240 88
241 88
242 88
243 88
248 88
250 77
251 77
252 154
260 77
261 77
264 77
265 77
266 77
267 77
268 77
269 77
300 7
301 7
302 7
303 7
304 7
306 7
307 7
308 7
309 7
310 7
311 7
312 7
313 6
316 6
317 6
318 6
324 6
325 6
326 12
330 6
331 6
334 6
335 6
336 6
338 6
339 6
340 6
344 6
345 6
346 6
347 6
348 6
349 6
424 1
425 1
426 1
427 1
428 1
430 1
431 1
432 1
433 1
434 1
435 1
436 1
437 1
440 1
441 1
442 1
448 1
449 1
450 2
454 1
455 1
458 1
459 1
460 1
462 1
463 1
464 1
468 1
469 1
470 1
471 1
472 1
473 1
542 1
543 1
544 1
545 1
546 1
548 1
549 1
550 1
551 1
552 1
553 1
554 1
555 1
559 1
560 1
561 1
567 1
568 1
569 2
573 1
574 1
577 1
578 1
579 1
581 1
582 1
583 1
587 1
588 1
589 1
590 1
591 1
592 1
599 1
600 1
602 1
603 1
605 1
606 1
607 1
609 1
610 1
611 1
615 1
616 1
617 1
618 1
619 1
620 1
661 4
662 4
663 4
664 4
665 4
667 4
668 4
669 4
670 4
671 4
672 4
673 4
674 3
678 3
679 3
680 3
686 3
687 3
688 6
692 3
693 3
696 3
697 3
698 3
700 3
701 3
702 3
706 3
707 3
708 3
709 3
710 3
711 3
718 1
719 1
721 1
722 1
724 1
725 1
726 1
728 1
729 1
730 1
734 1
735 1
736 1
737 1
738 1
739 1
780 4
781 4
782 4
783 4
784 4
786 4
787 4
788 4
789 4
790 4
791 4
792 4
793 1
797 1
798 1
799 1
805 1
806 1
807 2
811 1
812 1
815 1
816 1
817 1
819 1
820 1
821 1
825 1
826 1
827 1
828 1
829 1
830 1
899 7
900 7
901 7
902 7
903 7
905 7
906 7
907 7
908 7
909 7
910 7
911 7
912 6
916 6
917 6
918 6
924 6
925 6
926 12
930 6
931 6
934 6
935 6
936 6
938 6
939 6
940 6
944 6
945 6
946 6
947 6
948 6
949 6
956 1
957 1
959 1
960 1
962 1
963 1
964 1
966 1
967 1
968 1
972 1
973 1
974 1
975 1
976 1
977 1
1018 11
1019 11
1020 11
1021 11
1022 11
1024 11
1025 11
1026 11
1027 11
1028 11
1029 11
1030 11
1031 9
1035 9
1036 9
1037 9
1043 9
1044 9
1045 18
1049 9
1050 9
1053 9
1054 9
1055 9
1057 9
1058 9
1059 9
1063 9
1064 9
1065 9
1066 9
1067 9
1068 9
1137 10
1138 10
1139 10
1140 10
1141 10
1143 10
1144 10
1145 10
1146 10
1147 10
1148 10
1149 10
1150 3
1154 3
1155 3
1156 3
1162 3
1163 3
1164 6
1168 3
1169 3
1172 3
1173 3
1174 3
1176 3
1177 3
1178 3
1182 3
1183 3
1184 3
1185 3
1186 3
1187 3
1256 19
1257 19
1258 19
1259 19
1260 19
1262 19
1263 19
1264 19
1265 19
1266 19
1267 19
1268 19
1269 5
1273 5
1274 5
1275 5
1281 5
1282 5
1283 10
1287 5
1288 5
1291 5
1292 5
1293 5
1295 5
1296 5
1297 5
1301 5
1302 5
1303 5
1304 5
1305 5
1306 5
1313 1
1314 1
1316 1
1317 1
1319 1
1320 1
1321 1
1323 1
1324 1
1325 1
1329 1
1330 1
1331 1
1332 1
1333 1
1334 1
1375 13
1376 13
1377 13
1378 13
1379 13
1381 13
1382 13
1383 13
1384 13
1385 13
1386 13
1387 13
1388 8
1392 8
1393 8
1394 8
1400 8
1401 8
1402 16
1406 8
1407 8
1410 8
1411 8
1412 8
1414 8
1415 8
1416 8
1420 8
1421 8
1422 8
1423 8
1424 8
1425 8
1494 31
1495 31
1496 31
1497 31
1498 31
1500 31
1501 31
1502 31
1503 31
1504 31
1505 31
1506 31
1507 13
1511 13
1512 13
1513 13
1519 13
1520 13
1521 26
1525 15
1526 15
1529 15
1530 15
1531 15
1533 15
1534 15
1535 15
1539 15
1540 15
1541 15
1542 15
1543 15
1544 15
1551 3
1552 3
1554 3
1555 3
1557 3
1558 3
1559 3
1561 3
1562 3
1563 3
1567 3
1568 3
1569 3
1570 3
1571 3
1572 3
1579 2
1580 2
1581 2
1613 43
1614 43
1615 43
1616 43
1617 43
1619 43
1620 43
1621 43
1622 43
1623 43
1624 43
1625 43
1626 13
1630 13
1631 13
1632 13
1638 13
1639 13
1640 26
1644 13
1645 13
1648 13
1649 13
1650 13
1652 13
1653 13
1654 13
1658 13
1659 13
1660 13
1661 13
1662 13
1663 13
1670 2
1671 2
1673 2
1674 2
1676 2
1677 2
1678 2
1680 2
1681 2
1682 2
1686 2
1687 2
1688 2
1689 2
1690 2
1691 2
1732 34
1733 34
1734 34
1735 34
1736 34
1738 34
1739 34
1740 34
1741 34
1742 34
1743 34
1744 34
1745 21
1749 21
1750 21
1751 21
1757 21
1758 21
1759 42
1763 21
1764 21
1767 21
1768 21
1769 21
1771 21
1772 21
1773 21
1777 21
1778 21
1779 21
1780 21
1781 21
1782 21
1789 1
1790 1
1792 1
1793 1
1795 1
1796 1
1797 1
1799 1
1800 1
1801 1
1805 1
1806 1
1807 1
1808 1
1809 1
1810 1
1851 35
1852 35
1853 35
1854 35
1855 35
1857 35
1858 35
1859 35
1860 35
1861 35
1862 35
1863 35
1864 14
1868 14
1869 14
1870 14
1876 14
1877 14
1878 28
1882 14
1883 14
1886 14
1887 14
1888 14
1890 14
1891 14
1892 14
1896 14
1897 14
1898 14
1899 14
1900 14
1901 14
1970 23
1971 23
1972 23
1973 23
1974 23
1976 23
1977 23
1978 23
1979 23
1980 23
1981 23
1982 23
1984 6
1988 6
1989 6
1990 6
1996 6
1997 6
1999 12
2003 6
2004 6
2007 6
2008 6
2009 6
2011 6
2012 6
2013 6
2017 6
2018 6
2019 6
2020 6
2021 6
2022 6
2029 1
2030 1
2032 1
2033 1
2035 1
2036 1
2037 1
2039 1
2040 1
2041 1
2045 1
2046 1
2047 1
2048 1
2049 1
2050 1
2093 187
2095 331
2096 331
2097 331
2098 331
2099 234
2104 2534
2110 2534
2111 2534
2119 2534
2120 2534
fn=strncmp
98 1
125 1
126 1
127 1
128 1
129 1
131 1
132 1
134 1
135 1
156 1
157 1
158 1
159 1
160 1
161 1
162 1
163 1
180 1
181 1
182 1
183 1
184 1
185 1
186 1
2104 1
2107 1
2108 1
2110 1
2111 1
2119 1
2120 1
fl=./string/../sysdeps/x86_64/multiarch/../multiarch/strlen-sse2.S
fn=strlen
57 35
101 35
102 35
103 35
104 35
105 35
106 35
107 35
109 35
111 35
142 34
143 34
144 34
145 34
146 34
147 17
149 17
153 17
154 17
155 17
156 17
157 17
158 17
159 17
160 17
161 17
162 17
163 17
164 17
169 136
173 1
174 14
175 8
fl=./string/../sysdeps/x86_64/multiarch/ifunc-avx2.h
fn=memrchr
38 4
40 3
41 2
42 3
45 2
46 2
49 3
52 6
fn=rindex
38 4
40 3
41 2
42 3
45 2
46 2
49 3
52 6
fn=strchrnul
38 4
40 3
41 2
42 3
45 2
46 2
49 3
52 6
fn=strlen
38 8
40 6
41 4
42 6
45 4
46 4
49 6
52 12
fn=strnlen
38 8
40 6
41 4
42 6
45 4
46 4
49 6
52 12
fl=./string/../sysdeps/x86_64/multiarch/ifunc-evex.h
fn=memchr
37 8
38 6
39 6
42 4
43 4
45 4
51 6
54 8
fl=./string/../sysdeps/x86_64/multiarch/ifunc-memcmp.h
fn=bcmp
34 10
35 4
36 4
37 6
40 4
41 4
44 6
47 8
fl=./string/../sysdeps/x86_64/multiarch/ifunc-memmove.h
fn=memcpy@@GLIBC_2.14
56 6
57 9
60 9
61 6
74 6
77 6
85 6
93 6
96 15
fn=memmove
56 4
57 6
60 6
61 4
74 4
77 4
85 4
93 4
96 10
fn=mempcpy
56 2
57 3
60 3
61 2
74 2
77 2
85 2
93 2
96 5
fl=./string/../sysdeps/x86_64/multiarch/ifunc-memset.h
fn=memset
54 10
57 6
58 4
64 4
73 4
75 4
85 4
93 4
96 10
fl=./string/../sysdeps/x86_64/multiarch/ifunc-sse4_2.h
fn=strcspn
36 5
fn=strpbrk
36 5
fn=strspn
36 5
fl=./string/../sysdeps/x86_64/multiarch/ifunc-strcasecmp.h
fn=strcasecmp
36 4
37 2
38 3
41 2
42 2
45 3
48 5
fn=strcasecmp_l
36 4
37 2
38 3
41 2
42 2
45 3
48 5
fn=strncasecmp
36 4
37 2
38 3
41 2
42 2
45 3
48 5
fn=strncasecmp_l
36 4
37 2
38 3
41 2
42 2
45 3
48 5
fl=./string/../sysdeps/x86_64/multiarch/ifunc-strcpy.h
fn=stpcpy
38 4
39 3
42 2
43 2
46 3
49 3
fn=strcat
38 4
39 3
42 2
43 2
46 3
49 3
fn=strcpy
38 4
39 3
42 2
43 2
46 3
49 3
fl=./string/../sysdeps/x86_64/multiarch/ifunc-strncpy.h
fn=stpncpy
35 5
36 3
39 2
40 2
43 3
46 4
fn=strncpy
35 5
36 3
39 2
40 2
43 3
46 4
fl=./string/../sysdeps/x86_64/multiarch/memchr-avx2.S
fn=__memchr_avx2
61 3
68 3
70 3
73 3
74 3
76 3
77 3
78 3
79 3
82 3
83 3
86 3
87 3
101 3
106 3
113 3
114 3
115 3
116 3
fl=./string/../sysdeps/x86_64/multiarch/memchr.c
fn=memchr
29 4
fl=./string/../sysdeps/x86_64/multiarch/memcmp-avx2-movbe.S
fn=__memcmp_avx2_movbe
73 50
80 50
81 50
84 1
85 1
86 1
90 1
91 1
93 1
94 1
97 1
98 1
99 1
102 1
103 1
106 1
107 1
110 1
111 1
112 1
113 1
114 1
115 1
116 1
117 1
118 1
119 1
122 1
123 1
129 1
130 1
131 1
132 1
136 1
137 1
139 1
140 1
141 1
142 1
145 1
146 1
147 1
148 1
149 1
150 1
152 2
156 39
166 39
167 39
168 39
171 78
401 49
402 49
407 49
408 49
409 49
410 49
411 49
414 49
415 49
416 49
417 49
420 49
421 49
422 10
423 20
fl=./string/../sysdeps/x86_64/multiarch/memcmp.c
fn=bcmp
29 8
fl=./string/../sysdeps/x86_64/multiarch/memcmpeq.c
fn=memcpy@@GLIBC_2.14
29 3
fl=./string/../sysdeps/x86_64/multiarch/memmove-vec-unaligned-erms.S
fn=__memcpy_avx_unaligned_erms
255 3293267
256 3293267
262 3293279
263 3293279
265 147531
266 147531
267 147531
270 63
271 63
272 63
275 126
305 3145748
306 3145748
308 3145741
309 3145741
311 9
315 9
316 2
317 2
318 2
319 2
320 1
321 1
323 2
325 2
331 7
332 7
333 7
334 7
335 7
342 7
343 7
344 7
345 7
347 7
364 3145732
365 3145732
366 3145732
367 3145732
368 3145732
386 147468
387 147468
392 147456
393 147456
395 147456
396 147456
397 147456
399 147456
400 147456
401 147456
402 147456
403 147456
404 147456
405 147456
406 147456
407 147456
408 147456
409 147456
410 147456
411 147456
412 147456
413 294912
601 12
602 12
606 12
608 12
611 12
615 12
616 12
684 12
685 12
686 12
691 12
692 12
693 12
700 12
706 12
708 12
716 12
717 12
719 12
721 12
723 12
725 12
733 12
734 12
735 12
736 12
741 12
742 12
743 12
746 12
748 24
753 1524
755 97536
756 97536
757 97536
758 97536
760 195072
761 195072
762 48768
764 195072
765 195072
766 48768
767 48768
768 48768
769 1524
770 1524
771 1524
772 1524
773 12
776 12
777 12
782 1512
783 1512
784 756
785 756
786 756
787 756
788 756
789 756
790 756
791 756
792 756
793 756
794 756
795 756
796 756
800 12
801 12
802 12
803 12
805 12
806 12
807 12
808 12
809 24
fn=__mempcpy_avx_unaligned_erms
242 12
243 12
244 12
245 12
fn=memcpy
210 39
211 39
217 71
218 71
220 38
221 38
222 38
224 18
225 18
226 18
228 18
308 33
309 33
311 9
315 9
316 9
317 9
318 1
319 1
323 1
325 9
364 24
365 24
366 24
367 24
368 24
375 19
376 19
377 19
378 19
379 19
380 19
381 19
392 20
393 20
395 19
396 19
397 19
417 1
418 1
422 1
424 1
440 1
443 1
445 1
447 1
451 1
452 1
461 1
462 1
464 1
466 1
467 1
468 1
471 1
473 1
475 1
477 1
483 3
484 3
485 3
486 3
487 3
488 3
489 3
490 3
491 3
492 3
493 3
494 3
496 1
497 1
498 1
499 1
501 1
505 1
fn=mempcpy
197 32
198 32
199 32
200 32
fl=./string/../sysdeps/x86_64/multiarch/memmove.c
fn=memmove
29 2
fl=./string/../sysdeps/x86_64/multiarch/mempcpy.c
fn=mempcpy
33 1
fl=./string/../sysdeps/x86_64/multiarch/memrchr.c
fn=memrchr
29 3
fl=./string/../sysdeps/x86_64/multiarch/memset-vec-unaligned-erms.S
fn=__memset_avx2_unaligned_erms
158 74
159 148
164 74
165 74
166 73
167 73
168 73
181 1
182 1
184 2
237 73
238 73
244 17
245 17
257 17
260 17
261 17
273 16
274 16
287 16
288 16
290 16
293 2
296 2
299 8
300 8
301 8
302 8
303 8
304 8
305 10
308 16
309 16
310 16
311 16
314 32
325 56
326 56
327 56
328 88375332
329 56
330 112
337 1
346 1
347 1
352 1
353 1
354 1
355 1
356 1
357 1
358 1
361 1
fl=./string/../sysdeps/x86_64/multiarch/memset.c
fn=memset
29 2
fl=./string/../sysdeps/x86_64/multiarch/stpcpy.c
fn=stpcpy
33 3
fl=./string/../sysdeps/x86_64/multiarch/stpncpy.c
fn=stpncpy
31 3
fl=./string/../sysdeps/x86_64/multiarch/strcasecmp.c
fn=strcasecmp
31 3
fl=./string/../sysdeps/x86_64/multiarch/strcasecmp_l.c
fn=strcasecmp_l
31 3
fl=./string/../sysdeps/x86_64/multiarch/strcat.c
fn=strcat
29 3
fl=./string/../sysdeps/x86_64/multiarch/strchr-avx2.S
fn=__strchrnul_avx2
53 4
55 4
56 4
57 4
58 4
59 4
62 4
63 4
67 4
68 4
69 4
70 4
71 4
72 4
73 4
74 4
87 4
89 8
fl=./string/../sysdeps/x86_64/multiarch/strchr.c
fn=index
42 4
43 2
44 3
47 2
48 2
51 3
54 3
65 3
fl=./string/../sysdeps/x86_64/multiarch/strchrnul.c
fn=strchrnul
31 3
fl=./string/../sysdeps/x86_64/multiarch/strcmp-avx2.S
fn=__strncmp_avx2
206 62
230 62
235 62
249 62
274 62
275 62
276 62
278 62
279 62
283 61
287 61
289 61
291 61
294 61
296 61
297 61
308 59
318 59
319 59
322 59
326 118
331 61
332 61
333 61
337 2
338 4
957 40
958 40
959 40
960 40
962 40
965 40
966 40
970 17
971 17
980 1
984 1
985 1
993 1
994 1
995 1
996 1
997 1
998 1
1000 1
1047 1
1048 1
1051 1
1052 1
1053 1
1056 2
1063 1
1064 1
1065 1
1066 1
1076 23
1077 23
fl=./string/../sysdeps/x86_64/multiarch/strcmp.c
fn=strcmp
47 4
48 2
49 3
52 2
53 2
56 3
59 3
79 3
fl=./string/../sysdeps/x86_64/multiarch/strcpy.c
fn=strcpy
29 3
fl=./string/../sysdeps/x86_64/multiarch/strcspn.c
fn=strcspn
29 2
fl=./string/../sysdeps/x86_64/multiarch/strlen-avx2.S
fn=__strlen_avx2
52 88
65 88
66 88
67 88
70 88
72 88
73 88
76 88
77 88
85 88
86 88
87 88
92 176
fl=./string/../sysdeps/x86_64/multiarch/strlen.c
fn=strlen
29 6
fl=./string/../sysdeps/x86_64/multiarch/strncase.c
fn=strncasecmp
31 3
fl=./string/../sysdeps/x86_64/multiarch/strncase_l.c
fn=strncasecmp_l
31 3
fl=./string/../sysdeps/x86_64/multiarch/strncmp.c
fn=strncmp
43 8
44 4
45 6
48 4
49 4
52 6
55 10
67 6
fl=./string/../sysdeps/x86_64/multiarch/strncpy.c
fn=strncpy
29 3
fl=./string/../sysdeps/x86_64/multiarch/strnlen.c
fn=strnlen
31 6
fl=./string/../sysdeps/x86_64/multiarch/strpbrk.c
fn=strpbrk
29 2
fl=./string/../sysdeps/x86_64/multiarch/strrchr-avx2.S
fn=__strrchr_avx2
53 1
54 1
55 1
57 1
58 1
62 1
63 1
64 1
67 1
69 1
70 1
71 1
72 1
75 1
76 1
78 1
79 1
80 1
81 1
82 1
91 2
fl=./string/../sysdeps/x86_64/multiarch/strrchr.c
fn=rindex
28 3
fl=./string/../sysdeps/x86_64/multiarch/strspn.c
fn=strspn
29 2
fl=./string/./string/strdup.c
fn=strdup
40 42
41 14
44 14
47 28
48 21
fl=./time/../sysdeps/unix/sysv/linux/clock_gettime.c
fn=clock_gettime@@GLIBC_2.17
30 2
38 4
40 4
44 4
68 4
69 4
fl=./wcsmbs/../sysdeps/x86_64/multiarch/ifunc-avx2.h
fn=wcschr
38 8
40 6
41 4
42 6
45 4
46 4
49 6
52 12
fn=wcscmp
38 4
40 3
41 2
42 3
45 2
46 2
49 3
52 6
fl=./wcsmbs/../sysdeps/x86_64/multiarch/ifunc-evex.h
fn=wmemchr
37 8
38 6
39 6
42 4
43 4
45 4
51 6
54 8
fl=./wcsmbs/../sysdeps/x86_64/multiarch/ifunc-memcmp.h
fn=wmemcmp
34 5
35 2
36 2
37 3
40 2
41 2
44 3
47 4
fl=./wcsmbs/../sysdeps/x86_64/multiarch/ifunc-wcs.h
fn=wcpncpy
39 4
40 3
41 3
44 2
45 3
48 4
fn=wcscat
39 4
40 3
41 3
44 2
45 3
48 4
fn=wcsncpy
39 4
40 3
41 3
44 2
45 3
48 4
fl=./wcsmbs/../sysdeps/x86_64/multiarch/ifunc-wcslen.h
fn=wcslen
40 4
41 2
42 3
45 2
46 2
49 3
52 3
fn=wcsnlen
40 4
41 2
42 3
45 2
46 2
49 3
52 3
fl=./wcsmbs/../sysdeps/x86_64/multiarch/ifunc-wmemset.h
fn=wmemset
36 10
37 6
fl=./wcsmbs/../sysdeps/x86_64/multiarch/wcpcpy.c
fn=wcpncpy
31 1
fl=./wcsmbs/../sysdeps/x86_64/multiarch/wcpncpy.c
fn=wcpncpy
31 1
fl=./wcsmbs/../sysdeps/x86_64/multiarch/wcscat.c
fn=wcscat
31 2
fn=wcschr
31 2
fl=./wcsmbs/../sysdeps/x86_64/multiarch/wcschr.c
fn=wcschr
31 4
fl=./wcsmbs/../sysdeps/x86_64/multiarch/wcscmp.c
fn=wcscmp
30 3
fl=./wcsmbs/../sysdeps/x86_64/multiarch/wcscpy.c
fn=wcscpy
42 4
43 2
44 3
46 2
47 3
50 3
60 2
fl=./wcsmbs/../sysdeps/x86_64/multiarch/wcslen.c
fn=wcslen
29 3
fl=./wcsmbs/../sysdeps/x86_64/multiarch/wcsncpy.c
fn=wcsncpy
31 2
fl=./wcsmbs/../sysdeps/x86_64/multiarch/wcsnlen.c
fn=wcsnlen
30 3
fl=./wcsmbs/../sysdeps/x86_64/multiarch/wmemchr.c
fn=wmemchr
31 4
fl=./wcsmbs/../sysdeps/x86_64/multiarch/wmemcmp.c
fn=wmemcmp
29 4
fl=./wcsmbs/../sysdeps/x86_64/multiarch/wmemset.c
fn=wmemset
31 4
fl=./wcsmbs/./wcsmbs/btowc.c
fn=btowc
32 2560
37 1792
42 512
46 384
47 256
48 256
52 512
55 1152
94 1792
fl=./wcsmbs/./wcsmbs/wctob.c
fn=wctob
30 1280
39 384
44 256
45 128
79 1152
fl=./wcsmbs/./wcsmbsload.h
fn=btowc
69 128
70 384
fl=./wctype/./wctype/wctype_l.c
fn=wctype_l
26 110
29 20
32 30
33 68
35 174
37 410
40 48
41 96
45 20
46 10
47 80
fl=???
fn=(below main)
0 12
fn=???
0 6764613
fn=GOMP_parallel
0 9360
fn=__cpu_indicator_init
0 365
fn=__cxa_get_globals
0 16
fn=__gnu_cxx::stdio_sync_filebuf<char, std::char_traits<char> >::overflow(int)
0 42
fn=__gnu_cxx::stdio_sync_filebuf<char, std::char_traits<char> >::sync()
0 33
fn=__gnu_cxx::stdio_sync_filebuf<char, std::char_traits<char> >::xsputn(char const*, long)
0 72
fn=__gnu_cxx::stdio_sync_filebuf<wchar_t, std::char_traits<wchar_t> >::sync()
0 15
fn=dreidel::Tensor<float, (dreidel::BackendType)0>::Tensor(std::vector<unsigned long, std::allocator<unsigned long> > const&)
0 80
fn=dreidel::Tensor<float, (dreidel::BackendType)0>::~Tensor()
0 32
fn=dreidel::kernels::DepthToSpace_Shuffle(float const*, float*, int, int, int, int) [clone ._omp_fn.0]
0 19293714
fn=dreidel::kernels::ElementWiseMul_Broadcast(float*, float const*, std::vector<unsigned long, std::allocator<unsigned long> > const&) [clone ._omp_fn.0]
0 9740808
fn=dreidel::kernels::FWHT_Horizontal_AVX(float*, int, int, int) [clone ._omp_fn.0]
0 119051712
fn=dreidel::kernels::SpaceToDepth_Shuffle(float const*, float*, int, int, int, int) [clone ._omp_fn.0]
0 19293708
fn=dreidel::kernels::Transpose_Block_64x64(float const*, float*, int, int, int) [clone ._omp_fn.0]
0 3158784
fn=dreidel::layers::OptimizedConv2D<float>::forward(dreidel::Tensor<float, (dreidel::BackendType)0> const&)
0 4710
fn=dreidel::layers::OptimizedConv2D<float>::forward(dreidel::Tensor<float, (dreidel::BackendType)0> const&) [clone ._omp_fn.0]
0 265422240
fn=dreidel::layers::OptimizedConv2D<float>::~OptimizedConv2D()
0 72
fn=dreidel::layers::ZenithNanoBlock::ZenithNanoBlock(int, int, int)
0 211824
fn=dreidel::layers::ZenithNanoBlock::forward(dreidel::Tensor<float, (dreidel::BackendType)0> const&)
0 2955456
fn=dreidel::layers::ZenithNanoBlock::forward(dreidel::Tensor<float, (dreidel::BackendType)0> const&) [clone ._omp_fn.0]
0 2950038
fn=dreidel::layers::ZenithNanoBlock::forward(dreidel::Tensor<float, (dreidel::BackendType)0> const&) [clone ._omp_fn.1]
0 2950038
fn=dreidel::layers::ZenithNanoBlock::forward(dreidel::Tensor<float, (dreidel::BackendType)0> const&) [clone ._omp_fn.2]
0 3540024
fn=dreidel::layers::ZenithNanoBlock::~ZenithNanoBlock()
0 213
fn=dreidel::models::ZenithNano::ZenithNano()
0 390258
fn=dreidel::models::ZenithNano::forward(dreidel::Tensor<float, (dreidel::BackendType)0> const&)
0 1470
fn=dreidel::models::ZenithNano::~ZenithNano()
0 32
fn=main
0 246011
fn=omp_get_num_threads
0 1920
fn=omp_get_thread_num
0 960
fn=operator delete(void*)
0 436
fn=operator delete(void*, unsigned long)
0 436
fn=operator new(unsigned long)
0 3488
fn=std::__cxx11::messages<char>::messages(unsigned long)
0 21
fn=std::__cxx11::messages<wchar_t>::messages(unsigned long)
0 21
fn=std::__cxx11::moneypunct<char, false>::_M_initialize_moneypunct(__locale_struct*, char const*)
0 114
fn=std::__cxx11::moneypunct<char, true>::_M_initialize_moneypunct(__locale_struct*, char const*)
0 115
fn=std::__cxx11::moneypunct<wchar_t, false>::_M_initialize_moneypunct(__locale_struct*, char const*)
0 109
fn=std::__cxx11::moneypunct<wchar_t, true>::_M_initialize_moneypunct(__locale_struct*, char const*)
0 109
fn=std::__cxx11::numpunct<char>::_M_initialize_numpunct(__locale_struct*)
0 417
fn=std::__cxx11::numpunct<wchar_t>::_M_initialize_numpunct(__locale_struct*)
0 353
fn=std::__num_base::_S_format_float(std::ios_base const&, char*, char)
0 60
fn=std::__timepunct<char>::_M_initialize_timepunct(__locale_struct*)
0 132
fn=std::__timepunct<char>::__timepunct(std::__timepunct_cache<char>*, unsigned long)
0 24
fn=std::__timepunct<wchar_t>::_M_initialize_timepunct(__locale_struct*)
0 129
fn=std::__timepunct<wchar_t>::__timepunct(std::__timepunct_cache<wchar_t>*, unsigned long)
0 24
fn=std::basic_ios<char, std::char_traits<char> >::_M_cache_locale(std::locale const&)
0 128
fn=std::basic_ios<char, std::char_traits<char> >::init(std::basic_streambuf<char, std::char_traits<char> >*)
0 96
fn=std::basic_ios<wchar_t, std::char_traits<wchar_t> >::_M_cache_locale(std::locale const&)
0 128
fn=std::basic_ios<wchar_t, std::char_traits<wchar_t> >::init(std::basic_streambuf<wchar_t, std::char_traits<wchar_t> >*)
0 96
fn=std::basic_ostream<char, std::char_traits<char> >& std::__ostream_insert<char, std::char_traits<char> >(std::basic_ostream<char, std::char_traits<char> >&, char const*, long)
0 513
fn=std::basic_ostream<char, std::char_traits<char> >& std::endl<char, std::char_traits<char> >(std::basic_ostream<char, std::char_traits<char> >&) [clone .isra.0]
0 121
fn=std::basic_ostream<wchar_t, std::char_traits<wchar_t> >::flush()
0 174
fn=std::basic_ostream<wchar_t, std::char_traits<wchar_t> >::sentry::sentry(std::basic_ostream<wchar_t, std::char_traits<wchar_t> >&)
0 97
fn=std::chrono::_V2::system_clock::now()
0 32
fn=std::codecvt<char, char, __mbstate_t>::codecvt(unsigned long)
0 19
fn=std::codecvt<wchar_t, char, __mbstate_t>::codecvt(unsigned long)
0 19
fn=std::ctype<char>::_M_widen_init() const
0 754
fn=std::ctype<char>::ctype(unsigned short const*, bool, unsigned long)
0 121
fn=std::ctype<char>::do_widen(char) const
0 3
fn=std::ctype<wchar_t>::_M_convert_to_wmask(unsigned short) const
0 146
fn=std::ctype<wchar_t>::_M_initialize_ctype()
0 2736
fn=std::ctype<wchar_t>::ctype(unsigned long)
0 21
fn=std::error_category::error_category()
0 10
fn=std::error_category::~error_category()
0 4
fn=std::future_category()
0 3
fn=std::ios_base::Init::Init()
0 272
fn=std::ios_base::Init::~Init()
0 26
fn=std::ios_base::_M_init()
0 224
fn=std::ios_base::ios_base()
0 480
fn=std::locale::_Impl::_Impl(unsigned long)
0 673
fn=std::locale::_Impl::_M_install_facet(std::locale::id const*, std::locale::facet const*)
0 12192
fn=std::locale::facet::_S_create_c_locale(__locale_struct*&, char const*, __locale_struct*)
0 14
fn=std::locale::facet::_S_get_c_locale()
0 240
fn=std::locale::facet::_S_get_c_name()
0 21
fn=std::locale::id::_M_id() const
0 978
fn=std::locale::locale()
0 484
fn=std::locale::locale(std::locale::_Impl*)
0 3
fn=std::locale::operator=(std::locale const&)
0 184
fn=std::locale::~locale()
0 96
fn=std::messages<char>::messages(unsigned long)
0 21
fn=std::messages<wchar_t>::messages(unsigned long)
0 21
fn=std::moneypunct<char, false>::_M_initialize_moneypunct(__locale_struct*, char const*)
0 114
fn=std::moneypunct<char, true>::_M_initialize_moneypunct(__locale_struct*, char const*)
0 115
fn=std::moneypunct<wchar_t, false>::_M_initialize_moneypunct(__locale_struct*, char const*)
0 109
fn=std::moneypunct<wchar_t, true>::_M_initialize_moneypunct(__locale_struct*, char const*)
0 109
fn=std::num_put<char, std::ostreambuf_iterator<char, std::char_traits<char> > >::do_put(std::ostreambuf_iterator<char, std::char_traits<char> >, std::ios_base&, char, double) const
0 8
fn=std::num_put<char, std::ostreambuf_iterator<char, std::char_traits<char> > >::do_put(std::ostreambuf_iterator<char, std::char_traits<char> >, std::ios_base&, char, long) const
0 3
fn=std::numpunct<char>::_M_initialize_numpunct(__locale_struct*)
0 417
fn=std::numpunct<wchar_t>::_M_initialize_numpunct(__locale_struct*)
0 353
fn=std::ostream& std::ostream::_M_insert<double>(double)
0 116
fn=std::ostream& std::ostream::_M_insert<long>(long)
0 72
fn=std::ostream::flush()
0 420
fn=std::ostream::operator<<(int)
0 11
fn=std::ostream::put(char)
0 264
fn=std::ostream::sentry::sentry(std::ostream&)
0 625
fn=std::ostreambuf_iterator<char, std::char_traits<char> > std::num_put<char, std::ostreambuf_iterator<char, std::char_traits<char> > >::_M_insert_float<double>(std::ostreambuf_iterator<char, std::char_traits<char> >, std::ios_base&, char, char, double) const
0 294
fn=std::ostreambuf_iterator<char, std::char_traits<char> > std::num_put<char, std::ostreambuf_iterator<char, std::char_traits<char> > >::_M_insert_int<long>(std::ostreambuf_iterator<char, std::char_traits<char> >, std::ios_base&, char, long) const
0 92
fn=std::uncaught_exception()
0 18
fn=std::vector<float, dreidel::core::AlignedAllocator<float, 64ul> >::_M_default_append(unsigned long)
0 4712
fn=std::vector<float, dreidel::core::AlignedAllocator<float, 64ul> >::operator=(std::vector<float, dreidel::core::AlignedAllocator<float, 64ul> > const&) [clone .isra.0]
0 540
fn=std::vector<unsigned long, std::allocator<unsigned long> >::operator=(std::vector<unsigned long, std::allocator<unsigned long> > const&) [clone .isra.0]
0 444
fn=std::vector<unsigned long, std::allocator<unsigned long> >::~vector()
0 8
summary: 595479749
